[-31.468 -24.645 -28.408 -35.057 -27.795 -31.842 -21.243 -28.731 -21.946
 -26.763 -23.249 -25.232 -25.633 -20.21  -24.506 -22.347 -16.652 -19.138
 -14.868 -18.148 -16.076 -20.416 -26.244 -18.186 -18.742 -13.696 -15.872
 -18.899 -17.913 -15.034 -16.586 -17.845 -13.15  -13.854 -16.208 -25.334
 -17.424 -14.213 -14.674 -16.683 -16.23  -16.042 -14.328 -15.905 -12.137
 -11.605 -14.304 -12.218 -10.71  -12.669 -13.075 -10.824 -13.991 -10.126
 -12.197 -12.651 -11.4    -9.274 -11.746 -11.953 -14.613 -10.378 -11.1
 -10.565 -12.23  -10.088 -10.726 -10.05  -10.47   -8.947 -10.342 -10.093
 -11.054  -8.064  -9.031  -9.018  -9.721  -9.546  -8.327  -9.046 -10.316
  -9.516  -9.43  -10.165 -10.353  -8.873  -7.68   -8.395  -8.993  -7.665
  -8.952  -8.919  -8.29   -7.843  -8.506  -7.64   -7.715  -8.133  -7.671
  -6.299  -6.437  -7.692  -8.296  -6.146  -7.221  -7.942  -7.494  -6.019
  -7.437  -6.078  -5.501  -7.538  -6.501  -6.746  -6.664  -6.776  -7.011
  -6.258  -6.027  -5.91   -5.677  -5.426  -6.095  -6.475  -6.474  -5.626
  -5.676  -6.141  -6.019  -5.313  -5.27   -5.718  -4.8    -5.298  -5.048
  -5.335  -4.982  -6.162  -5.605  -5.196  -4.856  -5.605  -4.872  -5.117
  -5.468  -5.855  -5.35   -4.978  -4.411  -4.833]
[-32.582 -22.563 -22.894 -27.063 -37.077 -19.572 -23.004 -30.402 -25.805
 -23.386 -22.232 -28.619 -31.625 -20.242 -20.255 -27.861 -23.796 -19.417
 -19.073 -18.278 -21.185 -21.158 -23.996 -17.879 -16.187 -17.442 -16.716
 -15.549 -18.897 -18.883 -15.164 -14.707 -16.77  -10.98  -13.341 -19.427
 -16.642 -14.989 -13.855 -15.241 -16.567 -14.802 -14.474 -19.562 -11.802
 -12.525 -13.945 -15.558 -13.175 -10.695 -10.558 -11.242 -12.67  -10.964
 -13.501 -12.875 -10.464 -12.551 -12.509 -10.597 -10.4   -13.293 -10.309
 -10.228 -10.746 -11.206 -10.721 -10.177 -10.996 -12.457  -8.771 -10.983
  -8.244  -9.849  -9.644 -10.489  -8.742  -9.098  -9.414  -8.949 -10.379
  -6.703  -7.728  -8.227 -10.533 -10.953  -8.159  -8.377  -8.134  -9.365
  -8.622  -8.424  -7.2    -6.891  -8.066  -8.087  -7.371  -8.147  -8.778
 -10.06   -7.147  -7.697  -5.854  -8.307  -8.93   -7.858  -7.159  -6.983
  -6.455  -6.289  -7.026  -6.645  -6.146  -6.352  -4.681  -5.884  -6.99
  -5.708  -6.38   -5.646  -6.07   -5.604  -5.91   -5.822  -5.011  -6.188
  -5.578  -5.68   -6.276  -5.435  -5.357  -5.339  -6.11   -5.319  -5.439
  -5.278  -5.351  -4.79   -5.094  -4.945  -4.613  -5.967  -6.028  -4.84
  -4.973  -5.249  -4.43   -4.51   -4.454  -3.804]
[-24.167 -26.755 -62.93  -26.191 -29.194 -18.956 -20.473 -25.134 -26.934
 -24.975 -31.118 -17.324 -26.446 -40.039 -26.23  -20.642 -23.136 -16.396
 -20.574 -14.511 -16.435 -20.684 -20.024 -18.265 -18.894 -14.1   -15.202
 -15.395 -17.278 -16.447 -19.029 -21.081 -17.586 -16.772 -16.529 -14.783
 -15.689 -12.904 -16.388 -16.345 -16.945 -13.434 -14.364 -14.553 -13.295
 -12.684 -13.509 -12.228 -13.179 -13.649 -17.352 -11.167 -10.854 -11.713
 -11.832 -14.218 -10.92  -13.324 -10.28   -9.618 -18.726  -9.025 -11.184
 -12.529 -11.156 -10.426 -11.843 -13.184 -11.937 -10.238 -10.343 -11.383
 -10.909 -10.401 -10.085  -8.603 -11.239  -8.998  -8.678  -9.702 -10.315
  -8.268  -8.622  -8.099  -8.357  -8.621  -9.058  -9.324  -9.307  -9.961
  -8.609  -8.108  -7.272  -8.384  -8.736  -7.596  -6.907  -8.524  -8.546
  -7.584  -7.748 -11.11   -6.421 -10.442  -6.42   -6.978  -6.155  -8.65
  -7.632  -7.214  -7.221  -6.408  -6.045  -7.204  -7.23   -6.215  -6.428
  -6.918  -7.093  -6.56   -6.112  -5.274  -7.243  -5.193  -5.671  -7.106
  -5.591  -5.392  -5.597  -6.244  -6.503  -5.648  -5.543  -6.669  -5.745
  -5.97   -5.571  -5.164  -5.65   -4.997  -6.243  -5.373  -5.423  -5.468
  -5.757  -4.828  -4.46   -4.878  -4.85   -4.512]
[-19.512 -31.468 -40.08  -42.901 -36.596 -20.655 -25.412 -20.594 -20.42
 -22.128 -17.129 -22.277 -24.309 -19.023 -18.222 -20.812 -15.017 -21.654
 -22.847 -26.107 -18.015 -18.225 -19.35  -16.186 -22.646 -17.128 -15.604
 -20.807 -13.928 -13.563 -20.855 -18.456 -12.617 -12.131 -14.901 -14.802
 -12.626 -12.135 -12.456 -12.74  -16.296 -13.259 -13.027 -12.144 -14.051
 -15.219 -13.836 -13.273 -13.429 -12.044 -14.577  -9.424 -11.344 -11.541
 -12.75  -12.086 -14.078 -11.614 -11.443 -14.736 -12.746  -9.879  -9.732
  -9.229 -10.484 -13.43   -9.039  -8.221 -12.41  -10.891  -9.464  -8.248
  -9.152 -10.309 -12.269  -8.698 -10.625  -9.479  -9.034 -10.847 -10.588
  -8.447  -8.816 -10.467 -11.177  -8.692  -8.644  -8.81   -8.255  -8.571
  -7.655 -10.213  -8.407  -7.759  -7.099  -6.832  -7.627  -8.785  -7.759
  -8.197  -8.612  -6.095  -6.357  -6.875  -7.166  -7.389  -7.441  -7.926
  -5.895  -8.673  -6.602  -6.176  -7.379  -6.838  -6.197  -6.883  -7.178
  -5.701  -5.749  -5.776  -5.951  -5.5    -7.716  -6.113  -6.1    -5.648
  -5.296  -5.661  -6.168  -5.303  -5.661  -6.685  -4.836  -6.102  -5.435
  -6.711  -5.738  -6.203  -5.477  -5.264  -5.206  -5.62   -4.76   -5.598
  -4.9    -4.794  -5.284  -5.294  -4.584  -4.967]
[-24.715 -42.198 -20.62  -31.589 -20.511 -20.908 -27.037 -22.245 -34.298
 -32.639 -22.552 -33.447 -19.795 -27.623 -25.684 -29.92  -22.414 -15.866
 -23.402 -19.016 -14.968 -21.321 -29.72  -22.387 -12.957 -26.767 -17.42
 -16.424 -13.079 -14.554 -20.557 -16.893 -15.085 -13.658 -13.665 -16.532
 -12.144 -13.827 -14.891 -17.444 -15.38  -13.22  -13.468 -14.634 -16.614
 -12.957 -13.027 -11.955 -14.667 -13.233 -12.443 -10.941 -12.939 -13.267
 -12.003 -12.562 -10.264 -10.453 -14.178 -12.002 -16.475 -14.303  -9.862
 -13.1   -10.659 -11.633 -10.452 -10.753 -11.267 -10.78  -11.757  -9.837
 -10.764  -9.452  -8.84   -9.569  -8.343 -10.064  -8.828  -9.725  -8.656
  -8.153  -9.453  -9.518  -7.612  -8.231  -9.348 -10.292  -8.921  -9.436
  -9.077  -9.669  -8.821  -9.497  -8.962  -7.321 -10.303  -9.341  -8.761
  -6.845  -7.21   -7.867  -8.189  -8.812  -7.99   -8.041  -6.9    -8.814
  -6.646  -8.37   -6.967  -6.78   -5.931  -7.529  -7.892  -6.627  -5.688
  -6.742  -5.759  -6.109  -5.979  -6.577  -5.797  -5.589  -7.238  -6.485
  -6.194  -5.578  -6.213  -6.021  -5.746  -7.067  -5.941  -5.696  -5.7
  -5.193  -6.621  -6.418  -4.422  -5.264  -5.169  -5.602  -5.789  -4.9
  -5.684  -6.283  -4.694  -4.173  -5.041  -4.948]
[-26.707 -24.672 -20.895 -26.036 -20.899 -21.896 -32.015 -22.802 -28.153
 -27.405 -22.651 -20.061 -26.29  -21.239 -22.638 -22.794 -37.306 -21.534
 -16.769 -18.921 -18.22  -18.468 -19.056 -17.128 -13.756 -17.368 -19.254
 -14.699 -20.637 -13.606 -17.282 -19.519 -15.163 -13.658 -17.473 -15.043
 -12.895 -13.883 -14.388 -14.786 -12.406 -15.965 -14.248 -11.378 -16.608
 -12.025 -15.304 -11.126 -16.215 -14.026 -12.424 -12.46  -11.939 -12.254
 -11.482 -13.875 -14.543 -11.267 -12.455 -12.087 -11.235 -10.762  -9.952
  -9.509 -11.812 -11.057  -9.879  -8.714  -9.963  -9.58   -9.025 -10.399
  -9.46  -10.05  -11.475  -8.539  -9.264  -8.727  -9.547  -9.104  -9.165
 -10.715  -8.753  -7.664  -8.611 -10.97   -8.869  -8.279  -8.46   -8.148
  -8.521  -7.472  -6.526  -6.096  -7.433 -10.569  -8.783  -6.317  -8.181
  -8.801  -7.371  -8.509  -9.225  -8.66   -8.398  -6.91   -7.263  -7.613
  -6.532  -5.962  -7.253  -6.04   -8.13   -6.639  -6.894  -6.996  -6.568
  -5.264  -6.318  -4.964  -5.065  -6.013  -5.939  -5.053  -6.082  -6.475
  -5.569  -6.824  -5.343  -6.274  -6.158  -6.526  -5.44   -5.757  -5.567
  -5.721  -5.342  -4.867  -5.713  -4.939  -5.194  -6.019  -5.25   -5.582
  -5.561  -5.349  -5.528  -4.882  -4.745  -4.52 ]
[-28.305 -35.161 -24.381 -27.204 -32.746 -22.53  -67.921 -32.39  -22.261
 -20.765 -19.193 -20.345 -17.14  -15.45  -18.571 -20.281 -18.317 -25.335
 -14.939 -16.954 -17.437 -15.96  -20.196 -17.236 -19.663 -16.624 -16.736
 -15.764 -24.042 -18.259 -18.123 -17.189 -14.057 -19.322 -16.406 -14.336
 -14.292 -12.267 -12.321 -14.775 -13.18  -10.938 -12.281 -12.772 -13.36
 -12.005 -13.554 -10.038 -13.855 -11.14  -10.149 -11.712 -14.085 -13.473
 -13.161 -10.215 -12.584 -10.308 -12.829 -10.442 -11.698 -12.511 -11.727
 -12.172 -11.647 -11.281  -9.249 -12.266 -11.011 -10.358 -11.854 -10.76
  -9.391  -7.808  -9.921 -10.387  -9.716  -9.547 -10.894 -10.045  -9.032
  -8.612 -11.241  -8.663 -10.346  -8.275  -7.696  -8.519  -9.066  -8.431
  -9.106  -6.944  -8.129  -8.234  -8.134  -7.851  -7.597  -8.39   -8.617
  -7.944  -6.899  -7.104  -7.605  -7.504  -7.526  -6.534  -6.955  -6.506
  -7.188  -6.748  -6.124  -6.735  -6.864  -6.736  -7.035  -5.939  -7.048
  -7.181  -6.35   -6.208  -6.45   -5.327  -6.585  -6.526  -5.947  -6.128
  -5.831  -5.39   -6.916  -5.031  -7.202  -5.521  -5.981  -5.623  -6.058
  -5.149  -5.12   -5.13   -5.635  -5.435  -5.224  -6.081  -5.42   -5.427
  -4.593  -5.23   -5.103  -5.029  -5.034  -4.726]
[-33.503 -33.782 -36.949 -25.343 -22.307 -32.224 -25.827 -31.347 -27.959
 -23.149 -29.11  -21.141 -24.296 -19.055 -18.359 -17.725 -21.694 -21.865
 -19.233 -20.881 -25.948 -18.146 -20.419 -20.139 -21.764 -16.609 -28.633
 -16.89  -19.513 -16.622 -16.661 -22.766 -17.715 -19.171 -18.268 -14.508
 -13.897 -13.197 -16.863 -15.129 -14.933 -12.668 -16.738 -12.507 -11.659
 -16.52  -11.242 -15.9   -13.915 -15.331 -10.452 -13.575 -11.031 -12.777
 -11.412 -14.893 -11.967 -13.968 -11.525 -12.122  -9.682 -12.748 -13.003
 -12.312  -8.477 -10.323 -12.322 -10.758 -10.578  -9.639 -11.151  -9.909
 -10.076 -10.012  -9.13   -8.846  -6.959  -9.192  -8.293  -8.08  -10.035
  -8.912  -8.278 -10.043  -8.113  -8.551  -8.443  -9.729  -8.078  -8.066
  -7.955  -8.835  -8.183  -8.534  -6.847  -7.914  -7.247  -7.525  -9.239
  -7.521  -8.747  -6.721  -7.07   -7.54   -6.655  -8.865  -7.099  -7.584
  -6.422  -6.71   -7.119  -7.333  -6.39   -6.828  -5.791  -6.534  -7.112
  -5.857  -6.804  -6.241  -5.75   -5.757  -5.849  -6.607  -5.374  -6.172
  -5.793  -5.934  -6.22   -5.598  -5.048  -6.049  -5.863  -6.123  -5.319
  -5.822  -5.242  -5.149  -5.056  -5.28   -4.024  -5.306  -5.792  -4.691
  -5.401  -5.342  -5.656  -4.873  -5.     -4.886]
[-30.364 -19.459 -29.723 -19.744 -23.565 -29.307 -29.251 -17.212 -36.706
 -25.641 -31.838 -18.85  -24.038 -21.048 -18.382 -25.06  -14.692 -18.908
 -22.646 -19.425 -20.496 -20.528 -17.747 -31.421 -15.917 -19.194 -19.395
 -15.944 -18.625 -15.997 -12.532 -17.245 -13.115 -21.014 -16.232 -20.68
 -16.418 -15.318 -13.714 -13.271 -13.525 -17.915 -13.61  -12.962 -14.178
 -13.335 -12.218 -13.695 -11.384 -12.561 -11.545 -11.33  -11.809 -10.936
 -13.137 -14.286 -13.137 -12.436 -12.493 -10.384 -13.56  -10.553 -13.029
 -11.722 -11.351  -9.43  -10.048  -9.265 -10.307 -11.207 -11.255  -7.926
  -9.585  -9.518 -11.015  -7.556 -10.555 -10.556  -9.48   -8.353 -10.62
 -11.046  -7.342  -7.997  -9.133  -8.648  -7.676  -8.102 -10.271  -8.91
  -7.482  -6.999  -6.742  -7.93   -8.711  -7.235  -8.814  -7.419  -7.487
  -6.858  -8.232  -8.185  -6.633  -6.71   -7.02   -6.982  -6.224  -7.561
  -6.955  -7.253  -7.796  -6.806  -6.619  -7.033  -5.616  -6.629  -6.508
  -6.002  -5.505  -6.971  -5.793  -5.716  -5.864  -6.198  -5.94   -6.147
  -5.779  -6.031  -5.557  -5.005  -6.786  -6.202  -5.078  -5.762  -5.545
  -4.797  -5.278  -5.564  -5.422  -4.778  -5.363  -5.253  -5.072  -6.118
  -5.384  -5.235  -4.879  -4.389  -4.608  -4.141]
[-26.063 -33.799 -27.517 -23.4   -32.106 -27.187 -28.188 -48.26  -23.573
 -24.332 -20.51  -20.855 -24.555 -21.333 -23.595 -19.019 -26.401 -22.83
 -19.411 -21.322 -22.756 -18.935 -17.53  -22.838 -18.293 -17.793 -18.905
 -15.218 -18.783 -18.101 -15.52  -15.113 -16.306 -18.999 -11.915 -14.251
 -15.291 -18.608 -16.495 -19.529 -17.058 -14.432 -11.056 -15.44  -11.816
 -12.5   -12.377 -13.52  -14.408 -13.163 -15.091 -14.772 -12.396 -10.495
 -13.573 -11.896 -11.417 -10.245 -12.487 -11.988 -14.436 -11.455 -11.14
 -10.117 -13.807 -12.959  -9.53   -9.439 -11.262  -9.77  -10.238  -9.664
  -9.769  -9.59   -9.46   -9.052 -10.669  -7.447 -11.083  -9.147 -10.252
  -7.736  -8.493 -10.945  -9.614 -11.413  -8.217  -7.133  -8.76   -7.29
  -8.26   -8.496  -7.731  -8.127  -9.502  -7.924  -9.665  -8.903  -8.028
  -8.2    -8.198  -8.187  -7.503  -8.249  -7.986  -7.406  -6.515  -7.041
 -11.263  -8.262  -6.633  -6.429  -7.394  -7.516  -5.874  -6.826  -6.147
  -5.678  -5.549  -8.32   -6.358  -5.633  -5.797  -7.316  -6.233  -6.049
  -6.076  -6.031  -5.144  -5.819  -6.076  -8.07   -5.554  -5.602  -5.362
  -6.025  -6.11   -4.93   -6.729  -5.681  -4.14   -5.716  -5.725  -5.53
  -5.852  -6.037  -5.032  -4.832  -5.384  -4.339]
