[45.897 36.888 42.164 49.969 40.407 44.765 32.858 42.652 33.576 39.313
 35.27  37.718 38.629 31.672 38.329 35.701 26.814 31.274 25.747 29.271
 26.829 32.47  42.377 28.974 29.392 23.839 26.452 30.093 28.914 26.294
 27.319 29.974 23.193 24.287 27.587 42.963 29.105 23.821 23.723 29.399
 27.951 27.538 25.123 26.995 21.67  21.581 24.573 22.519 20.649 22.653
 23.915 20.235 23.167 19.883 25.08  22.474 22.212 18.258 22.142 22.221
 26.869 20.673 20.483 18.892 21.876 20.114 20.751 19.286 21.091 17.957
 20.906 20.16  21.375 17.269 17.8   18.385 18.71  18.531 17.662 17.977
 21.247 18.168 18.665 19.397 20.085 19.851 17.827 17.479 18.217 16.632
 19.6   18.137 17.684 17.261 17.775 15.783 17.143 17.165 19.223 14.722
 14.858 18.067 16.676 14.522 16.566 18.267 16.876 15.278 16.817 16.11
 14.221 16.621 15.141 15.463 17.44  16.08  15.144 14.362 14.819 14.281
 13.706 13.072 14.595 15.442 14.555 13.589 13.16  14.685 15.969 14.025
 13.727 15.727 13.276 13.023 13.385 13.289 12.916 14.12  14.396 13.82
 14.071 14.032 12.9   13.692 14.138 14.752 13.078 12.373 12.102 12.917]
[46.523 34.719 35.038 41.568 51.646 31.729 35.397 44.017 38.242 36.087
 34.255 41.021 45.654 31.548 30.925 40.391 36.66  30.689 29.469 29.715
 33.337 32.913 39.632 29.093 26.268 28.59  27.368 25.997 30.804 30.616
 25.447 25.837 27.471 20.492 24.469 33.431 28.22  25.207 23.207 29.105
 27.17  25.347 24.475 31.075 21.027 22.818 24.131 25.435 23.682 19.758
 21.068 20.985 21.998 20.391 26.503 23.188 20.965 23.272 23.194 21.9
 21.147 23.99  19.731 19.481 20.981 20.764 20.984 19.178 21.295 22.441
 18.738 20.699 17.58  19.141 18.243 19.635 18.025 18.285 18.703 18.295
 20.799 14.694 16.98  17.906 19.563 21.899 18.72  18.032 17.793 18.89
 17.192 18.414 15.652 16.663 17.562 16.648 16.786 17.775 19.188 18.552
 16.171 17.535 13.776 17.201 19.182 18.424 15.938 16.439 14.224 16.297
 16.012 15.192 14.705 14.741 13.901 15.029 16.156 13.069 14.088 14.255
 14.446 13.353 14.849 14.275 13.211 15.42  13.712 14.24  15.356 13.311
 13.563 15.475 14.203 13.527 13.812 13.441 14.283 13.136 13.569 13.436
 15.094 15.212 13.914 13.774 12.794 13.43  12.186 11.952 12.521 10.939]
[37.939 39.962 86.297 38.107 42.493 29.763 32.489 37.575 39.28  37.232
 45.024 27.834 37.538 54.598 40.877 33.385 34.809 28.121 32.346 24.899
 27.363 32.158 34.177 30.968 29.831 24.728 25.16  26.273 28.734 28.126
 29.667 32.664 28.245 27.29  27.835 28.255 26.063 22.071 26.826 29.821
 27.783 23.014 24.218 25.163 23.484 22.548 24.307 22.245 23.565 23.01
 28.946 20.512 20.968 23.277 23.937 25.489 23.41  24.21  20.221 19.335
 34.552 18.883 20.974 22.044 21.898 20.067 21.846 22.575 21.754 19.982
 19.755 20.657 20.757 19.996 19.481 17.639 21.149 18.571 17.95  18.458
 21.368 16.456 16.99  18.335 17.244 19.306 19.562 19.191 19.163 18.818
 18.154 17.189 15.285 18.531 17.624 16.451 16.506 17.865 18.67  16.14
 16.986 22.287 14.776 19.423 14.91  17.521 14.762 18.474 16.86  17.266
 15.934 14.987 13.791 16.506 17.073 15.064 14.734 15.683 15.5   14.659
 13.899 12.771 15.758 13.478 14.578 15.694 12.86  13.291 14.259 14.667
 14.836 15.171 13.639 14.837 13.253 13.886 13.61  13.155 13.657 13.303
 14.909 14.547 13.881 13.833 14.473 12.879 12.59  12.138 12.537 12.392]
[31.286 45.153 57.184 57.323 52.11  31.584 38.769 32.019 32.243 33.506
 28.039 32.872 36.976 30.387 30.739 32.825 25.232 35.113 34.869 39.273
 30.195 29.235 34.753 27.145 35.597 28.128 26.103 32.532 23.786 23.345
 32.22  30.112 22.44  22.615 26.292 27.314 23.13  21.52  21.89  24.11
 26.428 23.588 23.206 22.505 24.384 26.24  24.893 22.73  23.869 21.557
 25.426 18.469 20.907 21.613 25.24  22.348 27.419 21.211 22.501 25.
 25.095 20.433 19.298 18.239 19.886 24.078 18.748 16.645 23.135 21.465
 18.963 17.368 18.389 19.946 22.598 17.591 19.797 19.315 18.006 20.689
 21.941 16.944 17.608 20.207 21.455 20.834 18.623 18.699 18.002 17.181
 16.208 20.412 17.716 16.845 15.66  14.844 17.169 19.08  18.812 16.726
 17.218 15.781 14.176 15.452 16.07  16.996 16.364 17.848 14.443 19.653
 14.813 15.146 15.838 14.877 16.514 15.561 15.524 12.954 14.104 13.507
 13.455 13.793 16.4   14.779 14.389 13.954 12.778 14.614 16.518 13.583
 13.994 16.567 13.19  13.943 13.33  14.45  14.075 14.491 13.724 13.299
 14.405 14.803 12.953 14.245 12.996 13.53  12.844 12.894 12.741 13.004]
[37.696 60.902 33.286 45.629 32.566 32.966 40.903 33.204 48.77  50.303
 34.124 47.331 30.188 38.822 40.235 44.144 35.047 27.193 36.682 30.82
 26.387 33.662 47.047 34.606 23.314 39.892 28.357 27.368 24.063 24.67
 31.293 28.812 26.406 24.221 24.66  28.996 22.479 24.175 25.407 30.831
 25.585 23.932 23.787 25.532 27.097 22.144 22.437 21.806 24.884 22.725
 22.22  20.768 23.178 23.878 25.904 22.396 22.19  20.111 25.25  22.703
 31.445 24.878 19.275 22.704 20.099 22.406 20.196 20.37  21.589 20.382
 21.788 19.261 20.852 18.789 18.147 18.156 18.194 19.431 18.139 19.548
 19.845 17.224 18.395 18.144 17.029 18.702 21.703 19.711 18.435 18.444
 19.568 18.718 17.767 19.817 17.957 16.519 19.408 19.452 20.219 15.981
 16.202 17.588 16.805 18.182 16.542 17.412 16.073 19.383 15.227 18.348
 15.028 15.78  14.722 16.029 17.918 15.512 13.652 15.618 13.52  15.107
 13.513 14.448 14.057 14.388 15.135 15.126 13.906 14.454 15.724 14.469
 13.865 17.024 13.955 13.448 13.855 13.139 15.677 14.939 11.994 13.577
 14.113 14.804 14.462 13.693 13.995 14.501 12.721 11.233 13.141 13.008]
[40.4   35.9   32.707 39.052 32.351 33.543 44.898 34.626 40.477 40.241
 35.67  31.12  38.274 32.938 35.702 36.041 50.923 32.493 28.774 29.963
 29.974 29.221 32.689 27.98  23.916 27.904 31.49  25.127 32.439 23.743
 27.985 31.151 26.051 23.625 29.191 27.803 23.84  23.425 24.556 28.068
 23.445 26.686 24.821 21.263 27.193 22.353 25.738 21.193 26.009 23.354
 22.429 22.974 21.23  23.189 24.266 24.165 28.803 21.    22.887 22.087
 23.457 21.136 20.296 18.616 21.596 20.876 19.852 18.094 19.335 19.387
 19.466 18.896 18.851 20.049 21.441 16.739 19.362 17.953 19.452 18.445
 20.097 19.853 18.688 17.424 17.885 23.434 18.905 17.827 18.141 16.701
 17.95  16.39  15.273 15.458 16.318 19.541 18.338 15.66  19.509 17.617
 16.311 18.674 18.508 18.115 17.559 16.688 16.896 17.766 14.959 15.174
 16.226 14.472 17.142 15.044 17.608 15.77  14.948 13.461 15.405 14.007
 13.077 14.134 13.598 13.737 14.168 15.006 14.208 15.549 14.13  14.127
 14.441 17.013 13.483 14.362 13.004 14.338 13.626 12.59  13.53  13.335
 13.627 14.89  13.652 14.702 14.181 13.823 13.955 12.324 12.544 12.461]
[42.766 49.562 37.642 40.446 45.468 33.731 87.369 45.942 34.29  32.522
 30.631 30.831 27.671 25.753 30.999 31.879 29.88  38.288 25.307 28.506
 29.618 26.975 35.551 27.868 30.529 27.498 28.287 26.108 36.444 28.603
 28.876 28.814 24.195 30.108 27.867 25.983 26.043 21.814 21.86  27.703
 22.856 21.054 22.838 21.701 23.198 22.61  24.686 19.432 24.444 20.97
 18.968 21.551 24.177 24.685 26.922 20.139 24.144 20.184 23.943 20.354
 23.068 22.163 21.027 21.74  21.727 20.997 18.338 21.456 21.251 20.252
 21.753 20.222 18.668 16.862 19.385 19.489 19.855 19.04  20.393 19.241
 20.026 17.485 21.185 17.521 19.374 19.486 17.533 18.457 19.235 16.896
 18.275 16.421 16.806 17.548 17.856 15.957 16.728 17.673 19.676 16.915
 15.492 17.173 16.558 16.121 16.42  16.482 14.703 15.362 16.35  16.331
 14.41  15.33  15.279 15.517 16.815 14.858 15.125 15.385 14.621 14.456
 14.135 12.944 15.946 15.157 13.57  14.526 14.273 14.107 17.177 13.108
 16.336 15.339 14.197 13.114 14.6   13.05  13.433 12.958 13.323 13.478
 15.543 14.703 14.205 14.216 13.056 13.42  13.132 13.005 13.389 12.215]
[48.648 48.169 52.289 38.152 35.28  45.791 39.055 44.624 42.14  35.288
 42.49  31.794 36.113 31.57  30.53  28.391 34.081 32.942 30.088 32.761
 39.128 30.208 35.201 31.384 34.329 28.048 43.943 27.28  31.843 27.755
 26.566 34.286 29.955 30.667 29.633 27.488 25.819 23.016 27.316 28.193
 26.314 22.8   27.775 22.537 20.811 28.38  21.856 26.69  24.633 26.864
 19.938 24.118 20.193 23.259 23.153 25.458 23.623 24.599 22.076 23.112
 21.761 23.007 23.253 21.38  17.274 21.524 22.406 19.838 20.633 18.926
 21.084 19.147 20.203 19.372 16.992 17.732 15.678 17.768 17.909 17.5
 19.996 18.637 16.565 19.848 17.053 19.322 19.062 19.344 17.933 17.173
 16.859 18.541 17.264 18.848 15.351 16.271 16.57  17.157 21.101 16.329
 18.363 16.587 15.544 16.794 15.558 19.595 14.768 16.668 15.22  16.851
 15.421 15.65  14.304 15.76  15.477 15.014 15.268 13.928 15.442 14.741
 13.827 13.494 14.339 14.963 13.443 14.696 13.402 14.545 15.908 13.843
 13.656 15.84  14.317 14.154 13.132 13.95  14.093 13.511 13.462 13.499
 12.698 13.969 14.002 12.923 13.938 13.216 13.537 12.737 12.426 13.359]
[44.656 31.521 44.673 32.053 35.089 42.588 43.212 28.593 52.313 39.359
 44.803 29.139 36.577 31.924 30.142 38.322 24.592 29.669 34.179 30.731
 31.592 32.712 30.684 47.507 25.552 29.913 30.874 27.116 29.869 27.161
 21.923 28.181 23.569 32.728 27.758 34.933 28.284 25.387 24.187 24.64
 24.649 29.237 24.255 22.936 23.731 24.232 21.699 23.314 21.139 22.129
 22.909 20.82  20.055 21.044 25.849 25.144 25.695 23.569 22.922 19.93
 27.539 20.81  22.775 20.999 20.53  19.455 18.957 18.824 19.938 21.742
 22.193 16.459 18.708 19.154 19.694 16.015 19.971 19.722 18.583 17.708
 22.567 19.898 15.769 17.835 18.01  19.822 17.94  18.098 20.204 17.513
 16.881 15.616 14.749 16.85  18.001 15.585 18.502 16.705 18.775 14.812
 18.034 18.925 14.86  15.664 15.758 16.959 14.97  16.165 15.569 16.812
 15.796 15.438 14.444 15.317 15.763 15.321 14.939 13.558 13.436 15.059
 13.963 13.49  14.511 14.81  13.955 14.787 13.302 14.443 15.262 13.206
 15.498 15.613 12.633 13.196 14.055 13.12  13.333 13.744 13.652 13.444
 13.917 14.183 13.006 14.181 14.617 14.053 12.509 11.786 11.708 11.712]
[39.931 47.151 40.253 34.715 46.034 39.805 40.94  66.896 34.767 38.101
 31.078 32.386 36.026 32.747 36.894 31.863 39.067 35.369 30.606 34.237
 34.002 30.65  31.38  34.474 29.437 28.374 30.752 25.357 29.711 29.301
 24.479 25.858 26.775 29.422 22.022 28.234 26.863 29.679 26.726 34.898
 27.632 25.105 21.328 25.254 21.398 22.93  21.975 23.335 25.359 22.715
 25.359 24.44  22.537 20.778 25.592 21.546 23.657 19.655 23.225 22.476
 26.685 21.241 20.938 18.807 24.124 23.468 19.533 18.46  20.77  19.514
 20.834 18.825 19.352 19.498 19.161 18.096 20.17  16.212 20.696 17.883
 21.71  16.055 17.296 21.141 19.626 21.864 18.341 15.938 18.623 15.989
 17.527 19.056 16.361 17.509 19.392 16.697 19.252 18.117 19.662 17.007
 16.315 18.158 16.847 17.544 16.866 17.902 15.154 16.385 21.334 18.936
 14.951 15.309 15.91  16.351 16.566 16.224 14.078 13.557 12.848 17.338
 14.85  12.995 14.121 16.065 14.474 15.072 13.911 14.345 14.416 14.035
 15.597 18.531 13.674 13.54  13.444 13.837 14.23  13.525 15.161 14.26
 12.597 14.608 13.566 13.887 14.793 14.71  13.316 12.83  13.467 11.792]
