[-0.00428256 -0.00589123 -0.00169168 -0.00401279 -0.00164577 -0.00302945
 -0.00957711 -0.00912017 -0.00245749 -0.00710149 -0.00137385 -0.00117883
 -0.00588969 -0.00190444 -0.00322385 -0.00385197 -0.00134291 -0.00299077
 -0.00368683 -0.00142124 -0.00247221 -0.00494993 -0.0057466  -0.00367951
 -0.00190474 -0.00180514 -0.00443465 -0.00145366 -0.0031592  -0.00433651
 -0.00048399 -0.00379641 -0.00239028 -0.00305993 -0.00319473 -0.00236967
 -0.00198863 -0.0043359  -0.00186709 -0.00287728 -0.00116288 -0.00062451
 -0.00155468 -0.00128913 -0.00280341 -0.00139892 -0.00493037 -0.00154242
 -0.00162897 -0.00427513 -0.00231195 -0.00412634 -0.00090068 -0.00301038
 -0.00346857 -0.00388344 -0.00134479 -0.00344783 -0.00122467 -0.00446522
 -0.00707969 -0.00266493 -0.00296355 -0.00521024 -0.00385146 -0.00379556
 -0.00154158 -0.00144919 -0.00059474 -0.00035212 -0.00468945 -0.00279566
 -0.00117937 -0.0047915  -0.00331268 -0.00088127 -0.0054933  -0.00295262
 -0.00105616 -0.00355918 -0.00517115 -0.00100222 -0.00067359 -0.00028845
 -0.0018023  -0.00334656 -0.00258658 -0.00293953 -0.00426982 -0.00030896
 -0.00311131 -0.00129323 -0.00268986 -0.00162185 -0.00272687 -0.00230783
 -0.00224967 -0.00040239 -0.00114556 -0.00334085 -0.000876   -0.00724508
 -0.00242534 -0.00061878 -0.00148474 -0.00191958 -0.00433028 -0.00140975
 -0.0001996  -0.00212987 -0.00249012 -0.00160639 -0.00294406 -0.00051587
 -0.00449878 -0.00052072 -0.00024386 -0.00042345 -0.00153851 -0.00188501
 -0.00101033 -0.0002784  -0.00077003 -0.0007406  -0.00151696 -0.00265282
 -0.0011593  -0.00084209 -0.00189114 -0.00115032 -0.00077121 -0.00295727
 -0.00022847 -0.00205962 -0.00039791 -0.00029764 -0.00509517 -0.00050722
 -0.00309988 -0.00085844 -0.00391277 -0.00022892 -0.00253116 -0.00228815
 -0.00149198 -0.00114254 -0.00519563 -0.0002372  -0.00133579 -0.00103871]
[-0.00079641 -0.00700924 -0.00305191 -0.00086268 -0.00283456 -0.00625666
 -0.00278665 -0.00515649 -0.00428143 -0.00090132 -0.00136046 -0.00315824
 -0.00340412 -0.00946514 -0.00102946 -0.00377068 -0.00116442 -0.00285144
 -0.00280537 -0.00213924 -0.00366031 -0.00279538 -0.00165195 -0.00462233
 -0.00228714 -0.00192699 -0.0028673  -0.00111059 -0.00301704 -0.00410873
 -0.00234439 -0.00414584 -0.00385372 -0.0021488  -0.00253189 -0.00266784
 -0.00384829 -0.0018379  -0.00277977 -0.00591567 -0.0017527  -0.00062735
 -0.00082956 -0.0011581  -0.00139316 -0.0024876  -0.00141529 -0.00312617
 -0.00079833 -0.00406484 -0.0015227  -0.00302309 -0.00177343 -0.00406817
 -0.00687074 -0.00307444 -0.00286978 -0.00194589 -0.00155183 -0.0048667
 -0.00199454 -0.0037123  -0.00377825 -0.00233906 -0.00276983 -0.00141739
 -0.00313063 -0.00172616 -0.00074146 -0.00097768 -0.0039974  -0.00246674
 -0.00029049 -0.00203613 -0.00586673 -0.00092054 -0.00266648 -0.00066961
 -0.00098256 -0.00211494 -0.00610088 -0.0004055  -0.00060646 -0.00116786
 -0.00082536 -0.00314649 -0.00132135 -0.0005712  -0.00276012 -0.00242773
 -0.00254859 -0.00135127 -0.0016709  -0.0022165  -0.00421379 -0.00576503
 -0.00296812 -0.00095115 -0.00071029 -0.00091073 -0.00189539 -0.00453032
 -0.0010982  -0.00163584 -0.00112255 -0.00564401 -0.00469347 -0.00058583
 -0.00043728 -0.00237349 -0.00121615 -0.00054575 -0.00117176 -0.00219667
 -0.00266294 -0.00155474 -0.0002762  -0.00045524 -0.00322265 -0.00150566
 -0.00024662 -0.00055126 -0.00161501 -0.00174164 -0.00033916 -0.00216116
 -0.00067331 -0.00234874 -0.00298943 -0.00212941 -0.00183994 -0.00099865
 -0.00021675 -0.00187391 -0.00025603 -0.00043423 -0.00458633 -0.00046623
 -0.00551472 -0.0006223  -0.00205619 -0.00078404 -0.00356892 -0.00139116
 -0.0015251  -0.00046065 -0.00270782 -0.00073033 -0.00061457 -0.00233866]
[-0.00374468 -0.00333573 -0.00274744 -0.00359999 -0.0018198  -0.00668831
 -0.00781118 -0.00510116 -0.0084164  -0.00749513 -0.00270172 -0.00040085
 -0.0081485  -0.00839033 -0.00414737 -0.00532061 -0.00826737 -0.00343406
 -0.00231986 -0.0023356  -0.00131708 -0.00329879 -0.00544192 -0.00365514
 -0.00618343 -0.00141853 -0.00385902 -0.01368545 -0.006313   -0.00774299
 -0.00166531 -0.00141035 -0.00526969 -0.00205715 -0.00062013 -0.00166673
 -0.00329117 -0.00735237 -0.00168616 -0.004076   -0.00355189 -0.00049149
 -0.00118445 -0.00117642 -0.00276054 -0.00105913 -0.00852374 -0.00099977
 -0.00247635 -0.00468198 -0.00138766 -0.00184671 -0.00187187 -0.00383768
 -0.00444361 -0.00368666 -0.00395521 -0.00212648 -0.00093339 -0.0061879
 -0.00386508 -0.00551098 -0.00137868 -0.00424657 -0.00244293 -0.00466136
 -0.00187285 -0.00273712 -0.00082901 -0.00432666 -0.00497869 -0.00158331
 -0.00183114 -0.00544361 -0.00457181 -0.0002893  -0.00184055 -0.00175747
 -0.00075298 -0.00161017 -0.00363351 -0.00102948 -0.00191695 -0.0023625
 -0.00113431 -0.00516662 -0.00142573 -0.00480395 -0.00361672 -0.00086535
 -0.00306167 -0.00371849 -0.00199236 -0.00475165 -0.00131609 -0.00253429
 -0.00153843 -0.00168938 -0.00143335 -0.00090751 -0.00344759 -0.00632504
 -0.00394282 -0.00086804 -0.00123387 -0.00285477 -0.00135666 -0.00117604
 -0.00247589 -0.00355394 -0.0020254  -0.00311041 -0.00079487 -0.00376812
 -0.00218256 -0.0010814  -0.00050275 -0.00115263 -0.00138787 -0.00231045
 -0.00121954 -0.00074301 -0.00042368 -0.00063464 -0.00134993 -0.00094872
 -0.00054541 -0.00073166 -0.00110285 -0.00091201 -0.00039228 -0.00556894
 -0.00019277 -0.00252045 -0.00073947 -0.00191295 -0.00144046 -0.00053653
 -0.00225952 -0.00093401 -0.00138335 -0.00016745 -0.00252976 -0.00060666
 -0.0004698  -0.00065376 -0.00160264 -0.00035446 -0.00074143 -0.00144713]
[-0.00120465 -0.00478012 -0.0035592  -0.00361078 -0.00323636 -0.00511067
 -0.0005459  -0.0046335  -0.00712339 -0.00057646 -0.00299154 -0.00136225
 -0.0045673  -0.01139771 -0.00486411 -0.0023938  -0.00046807 -0.00375879
 -0.00362782 -0.00192983 -0.00483895 -0.00206096 -0.00563823 -0.00263433
 -0.00617475 -0.00048605 -0.00251928 -0.0048325  -0.00230411 -0.00277487
 -0.00071156 -0.00211557 -0.00350331 -0.01180087 -0.00646423 -0.00225738
 -0.0027461  -0.00296271 -0.0029562  -0.00548089 -0.00253765 -0.0002259
 -0.00094669 -0.00063429 -0.00179436 -0.00035271 -0.00232219 -0.00362513
 -0.00169812 -0.00649564 -0.00187097 -0.00367926 -0.00142193 -0.00087572
 -0.00384438 -0.00263342 -0.00467784 -0.00134332 -0.00227822 -0.00380733
 -0.00552949 -0.00603108 -0.00222816 -0.00298844 -0.00510027 -0.00344634
 -0.00345703 -0.00226011 -0.00047928 -0.00097324 -0.00304171 -0.00303987
 -0.00104923 -0.00340589 -0.00562697 -0.00152953 -0.00083093 -0.00215584
 -0.00158094 -0.00104168 -0.0041479  -0.00074739 -0.00120945 -0.0004332
 -0.00056388 -0.00559396 -0.00368663 -0.00307468 -0.00517531 -0.00400073
 -0.00308856 -0.00235388 -0.00436251 -0.00285939 -0.00206772 -0.00266769
 -0.00155635 -0.00048264 -0.00100768 -0.00696197 -0.0010725  -0.00375803
 -0.00221722 -0.00094375 -0.00198272 -0.00592332 -0.00170942 -0.00096546
 -0.00051179 -0.00385928 -0.00402969 -0.00159686 -0.00332608 -0.00234551
 -0.00123958 -0.0014587  -0.00029342 -0.00112157 -0.00144806 -0.00016736
 -0.00033968 -0.00048191 -0.00250358 -0.00375582 -0.00163117 -0.00175935
 -0.0006944  -0.00094103 -0.00162435 -0.00063208 -0.00080194 -0.00162573
 -0.00053583 -0.00522885 -0.00069843 -0.00035373 -0.00327733 -0.00090248
 -0.0033372  -0.00147382 -0.00105491 -0.00029821 -0.0047053  -0.00047542
 -0.00038863 -0.00144157 -0.00117506 -0.00052074 -0.00176823 -0.00123549]
[-0.00500681 -0.0071362  -0.00440084 -0.00587859 -0.00263706 -0.00634848
 -0.00285842 -0.00343354 -0.006248   -0.00851245 -0.00158769 -0.00222869
 -0.00433431 -0.00226378 -0.00382004 -0.00282732 -0.00211305 -0.00270064
 -0.00227533 -0.00169019 -0.00269081 -0.00436472 -0.00628964 -0.0061578
 -0.00178689 -0.00060348 -0.00254997 -0.00471509 -0.00325941 -0.00745494
 -0.00078955 -0.00189745 -0.0056487  -0.00294496 -0.00100952 -0.00171554
 -0.00321265 -0.00289982 -0.00252731 -0.00617193 -0.00299763 -0.00085758
 -0.0012893  -0.00193891 -0.00132814 -0.00194038 -0.00315677 -0.00343401
 -0.00084026 -0.00533332 -0.00090702 -0.00160656 -0.00101861 -0.00384348
 -0.0027197  -0.00134642 -0.00040729 -0.00374584 -0.00103358 -0.00190728
 -0.00296482 -0.0041229  -0.00172445 -0.00864442 -0.00216129 -0.00404682
 -0.00093331 -0.00085244 -0.00076755 -0.00190062 -0.00481065 -0.00329587
 -0.00075345 -0.00382351 -0.01000644 -0.00397605 -0.00323604 -0.00260204
 -0.00083647 -0.00211464 -0.00335374 -0.00038717 -0.00089646 -0.00103448
 -0.00116786 -0.00327559 -0.00140685 -0.00535142 -0.0015119  -0.0026287
 -0.0018371  -0.00411456 -0.00208774 -0.00339229 -0.00409561 -0.00327682
 -0.00132118 -0.00077677 -0.00211175 -0.00488983 -0.00112884 -0.00209376
 -0.00418613 -0.00097493 -0.00109886 -0.00249947 -0.00166825 -0.00149366
 -0.00044597 -0.00286888 -0.00105387 -0.00144659 -0.00055241 -0.00410834
 -0.00371405 -0.00051187 -0.00048631 -0.00157291 -0.00109191 -0.00098483
 -0.00041455 -0.00043083 -0.00159086 -0.00289068 -0.00033186 -0.00464349
 -0.00153227 -0.00037175 -0.0007633  -0.0002053  -0.0011934  -0.00235627
 -0.00028791 -0.00275748 -0.00085925 -0.00070342 -0.00210698 -0.00018644
 -0.00056478 -0.00051641 -0.00125049 -0.00073319 -0.00345091 -0.0010629
 -0.00053303 -0.00100267 -0.00084611 -0.00120381 -0.00118925 -0.00126068]
[-0.00113821 -0.00708806 -0.00458236 -0.00232081 -0.00026763 -0.0084456
 -0.00436014 -0.00788566 -0.00364267 -0.00234091 -0.00192012 -0.0014469
 -0.00652949 -0.00079064 -0.00231909 -0.00644879 -0.01094981 -0.00344829
 -0.00386224 -0.00300001 -0.00156742 -0.00260756 -0.00518312 -0.00536858
 -0.00262278 -0.00357493 -0.0019413  -0.01180268 -0.00127317 -0.00279964
 -0.00085786 -0.00118192 -0.00205696 -0.0026624  -0.00487729 -0.00319732
 -0.00204242 -0.00399736 -0.00433851 -0.00076294 -0.00538887 -0.00055979
 -0.00041628 -0.00046229 -0.00134576 -0.00105652 -0.00239334 -0.00062552
 -0.00078426 -0.00549381 -0.0007953  -0.00111851 -0.00072407 -0.00178004
 -0.00490168 -0.00285566 -0.004615   -0.00342341 -0.00071218 -0.00165807
 -0.00455391 -0.00436735 -0.00098621 -0.00473182 -0.00161087 -0.00185831
 -0.00205394 -0.00133641 -0.00043845 -0.00042436 -0.00358127 -0.00265639
 -0.00086768 -0.00155496 -0.00819612 -0.00073067 -0.00164388 -0.00125351
 -0.0011202  -0.00316575 -0.00593403 -0.00140941 -0.00198984 -0.00074575
 -0.00103249 -0.00224379 -0.00319555 -0.00386522 -0.00587805 -0.00154243
 -0.00295167 -0.00226482 -0.00846944 -0.00224971 -0.00313211 -0.00138497
 -0.00269939 -0.00097265 -0.00150716 -0.00520459 -0.00046324 -0.00534012
 -0.00211408 -0.0011467  -0.00062421 -0.00601401 -0.00121667 -0.00071021
 -0.00084992 -0.00207944 -0.00247544 -0.0012484  -0.00288213 -0.00166048
 -0.00213364 -0.00293072 -0.00048229 -0.000295   -0.00177353 -0.00056783
 -0.00039226 -0.00066725 -0.00141844 -0.00152349 -0.00286034 -0.002598
 -0.00038328 -0.00066864 -0.0008897  -0.00036647 -0.00206877 -0.00196764
 -0.00029876 -0.00335063 -0.00096383 -0.0006839  -0.00397516 -0.00089754
 -0.00176852 -0.00052914 -0.0025225  -0.00016927 -0.00307814 -0.00154564
 -0.00153676 -0.00242122 -0.00066683 -0.0002292  -0.00090591 -0.00156167]
[-0.00589397 -0.00059709 -0.00380363 -0.00512095 -0.00208833 -0.0155278
 -0.00669304 -0.0055742  -0.00654918 -0.00126854 -0.00130577 -0.00103088
 -0.00248055 -0.00433373 -0.00429906 -0.00544698 -0.00238257 -0.00292331
 -0.00207611 -0.00284923 -0.00170737 -0.00328087 -0.00625197 -0.0037935
 -0.00652872 -0.00049693 -0.00337644 -0.00341009 -0.00574403 -0.00406696
 -0.00091845 -0.0016046  -0.00110857 -0.00860313 -0.00118835 -0.00392125
 -0.00160704 -0.00272137 -0.00143481 -0.00338146 -0.00269458 -0.0005589
 -0.00106607 -0.00141483 -0.00243923 -0.00051411 -0.00165193 -0.00055078
 -0.00226626 -0.0022545  -0.00206528 -0.00410705 -0.00072412 -0.00048338
 -0.00616296 -0.00432334 -0.00326512 -0.00158911 -0.00079421 -0.00281719
 -0.00281468 -0.00152361 -0.0049888  -0.00236787 -0.00471041 -0.00102624
 -0.00126582 -0.00228533 -0.00065985 -0.00082804 -0.00331168 -0.00203452
 -0.00062289 -0.00103817 -0.01110458 -0.00084541 -0.00252099 -0.00078561
 -0.00095414 -0.0027022  -0.00563328 -0.00159819 -0.00110491 -0.00093122
 -0.00298019 -0.00428867 -0.00145392 -0.00299392 -0.00513461 -0.00332386
 -0.00640293 -0.00168212 -0.00329506 -0.00285235 -0.00233379 -0.00382087
 -0.00374713 -0.0003738  -0.00206857 -0.00055645 -0.00112408 -0.00625097
 -0.0012005  -0.0010295  -0.00209365 -0.00211389 -0.0041555  -0.00073474
 -0.00021008 -0.00301746 -0.00438999 -0.00210956 -0.00061698 -0.00161687
 -0.00715166 -0.00059685 -0.00061178 -0.00150928 -0.00136046 -0.00104291
 -0.00078608 -0.00049434 -0.00314472 -0.00141084 -0.00443596 -0.00207343
 -0.0007621  -0.00037304 -0.00207521 -0.0008131  -0.00333402 -0.00140133
 -0.00023353 -0.00285034 -0.00112808 -0.00025231 -0.00266596 -0.00113415
 -0.0009018  -0.00111416 -0.00330739 -0.0003819  -0.00323318 -0.00032697
 -0.00026928 -0.00043227 -0.00237789 -0.00044047 -0.00109343 -0.00097553]
[-0.00530044 -0.0063065  -0.00134242 -0.00734485 -0.00427332 -0.00671497
 -0.00212689 -0.00601148 -0.00166803 -0.00319911 -0.00308115 -0.00126345
 -0.00803434 -0.00269536 -0.00155136 -0.00239437 -0.00200933 -0.00338222
 -0.00164627 -0.00071617 -0.00184087 -0.00218626 -0.00443022 -0.00200739
 -0.00325543 -0.00110104 -0.00310073 -0.00092382 -0.00749024 -0.0063741
 -0.00031815 -0.00350567 -0.00163348 -0.00247567 -0.00951319 -0.00317545
 -0.00457445 -0.00065829 -0.00122228 -0.00492857 -0.00298805 -0.00060654
 -0.00069531 -0.00154667 -0.00133866 -0.00057115 -0.00975947 -0.00263833
 -0.0029522  -0.0022723  -0.00235668 -0.00382067 -0.00117085 -0.00088083
 -0.0042125  -0.00523483 -0.00730438 -0.00244982 -0.0005552  -0.00365811
 -0.00140551 -0.00271027 -0.00051423 -0.00347924 -0.00193017 -0.00402165
 -0.00181023 -0.00382324 -0.00036475 -0.00115754 -0.00345199 -0.0026242
 -0.0005259  -0.00240055 -0.00348384 -0.001337   -0.00097763 -0.00179311
 -0.00066802 -0.00130875 -0.00296237 -0.00041198 -0.0014024  -0.00091918
 -0.00057061 -0.00311126 -0.00285395 -0.00178345 -0.00439859 -0.00292234
 -0.00171143 -0.00216652 -0.00142905 -0.0058279  -0.0029468  -0.00268534
 -0.00168954 -0.00065551 -0.00186987 -0.00113473 -0.00054174 -0.00373039
 -0.00250187 -0.00034414 -0.00133406 -0.00215858 -0.00099474 -0.00044991
 -0.00204929 -0.00328483 -0.00252074 -0.00203673 -0.00140285 -0.00132215
 -0.00476934 -0.00053833 -0.00027918 -0.00092793 -0.0024235  -0.00114835
 -0.00095469 -0.00016924 -0.00164717 -0.00150824 -0.00131106 -0.00077334
 -0.00087409 -0.00062788 -0.00181426 -0.00083967 -0.00087511 -0.00161638
 -0.00028498 -0.00333012 -0.00045928 -0.00097165 -0.00283825 -0.00106304
 -0.00127753 -0.00068061 -0.00151023 -0.00055628 -0.00227885 -0.00077167
 -0.00129515 -0.00076821 -0.00167606 -0.00092092 -0.00062817 -0.00085595]
[-0.00507193 -0.00896597 -0.00172943 -0.00350177 -0.00092024 -0.01003897
 -0.00477346 -0.00313652 -0.00399529 -0.00576723 -0.00188742 -0.002253
 -0.00407874 -0.00231649 -0.00389598 -0.00219698 -0.00180629 -0.00448794
 -0.00210506 -0.00214495 -0.00254197 -0.00294917 -0.00288798 -0.00293451
 -0.00195098 -0.00278401 -0.00131809 -0.00326181 -0.00564448 -0.00758291
 -0.0010067  -0.00082726 -0.0042964  -0.00355653 -0.00698623 -0.00186387
 -0.00309308 -0.00331972 -0.00225536 -0.00388357 -0.00114218 -0.00059212
 -0.00111279 -0.0002888  -0.00411606 -0.00036525 -0.00154982 -0.00042115
 -0.0048904  -0.00135377 -0.00261591 -0.00642752 -0.0012798  -0.0021051
 -0.00354352 -0.00184941 -0.00347342 -0.00236364 -0.00071078 -0.00154209
 -0.00607471 -0.00355448 -0.00182668 -0.00475168 -0.00288083 -0.00496132
 -0.00121296 -0.00194464 -0.00095393 -0.00093247 -0.00234145 -0.00363988
 -0.00168891 -0.00268202 -0.0035405  -0.00146344 -0.00166484 -0.00159308
 -0.00103897 -0.00191442 -0.00347506 -0.00075597 -0.0009466  -0.00079523
 -0.0004104  -0.0023292  -0.00175404 -0.00232912 -0.00285371 -0.00185458
 -0.00186606 -0.00167471 -0.00497469 -0.00245382 -0.00363648 -0.00085249
 -0.00324568 -0.00117113 -0.00097605 -0.00184307 -0.00111536 -0.003231
 -0.00124674 -0.00081301 -0.00192156 -0.00261548 -0.00215454 -0.00122829
 -0.00149859 -0.00231323 -0.00186541 -0.00137297 -0.00048582 -0.00161915
 -0.00521199 -0.00098874 -0.00051611 -0.00236503 -0.00125606 -0.00350628
 -0.00061714 -0.0004436  -0.00057742 -0.00226159 -0.00211407 -0.00164802
 -0.00128048 -0.00092679 -0.00434826 -0.00093179 -0.00086333 -0.00238405
 -0.00034722 -0.0021006  -0.00073397 -0.00097925 -0.00201782 -0.00060365
 -0.00216689 -0.0002107  -0.0023091  -0.00019173 -0.0023738  -0.00042131
 -0.0007023  -0.00144188 -0.00149512 -0.0001362  -0.00072374 -0.00079801]
[-0.00399271 -0.00906851 -0.00159378 -0.00296929 -0.00222278 -0.00408589
 -0.00631022 -0.00362207 -0.00891715 -0.00668695 -0.00235795 -0.00213071
 -0.00503803 -0.00417538 -0.00402873 -0.00440518 -0.00084238 -0.00285229
 -0.00220367 -0.00080603 -0.00296926 -0.00328376 -0.00287704 -0.00212251
 -0.00354428 -0.00120612 -0.00329289 -0.00307633 -0.00382437 -0.00385033
 -0.00032826 -0.00409173 -0.00201451 -0.00189972 -0.00615856 -0.00346832
 -0.00133156 -0.00647664 -0.00214426 -0.00382632 -0.00406704 -0.00057611
 -0.00040185 -0.00029247 -0.0052549  -0.00064093 -0.00613714 -0.00287792
 -0.00036342 -0.00434025 -0.00253943 -0.00352829 -0.00107988 -0.0007117
 -0.00206072 -0.00262129 -0.00835284 -0.00214783 -0.00055413 -0.00187158
 -0.00369379 -0.00243892 -0.0033004  -0.00328503 -0.0063359  -0.00349142
 -0.00074757 -0.00225031 -0.00144673 -0.00181391 -0.00480889 -0.00334746
 -0.00086531 -0.00149805 -0.00128692 -0.00128707 -0.00123369 -0.00057841
 -0.00048559 -0.00279058 -0.00307906 -0.00128788 -0.00111072 -0.00196358
 -0.00076206 -0.0060245  -0.00368422 -0.00112628 -0.00173924 -0.00022012
 -0.00282645 -0.0014546  -0.0016966  -0.00132995 -0.00364716 -0.00128311
 -0.00174216 -0.00103484 -0.00204722 -0.003031   -0.0003228  -0.00377519
 -0.00109083 -0.00074075 -0.00120156 -0.00661306 -0.00132516 -0.00051038
 -0.00156159 -0.00414043 -0.00070314 -0.00215757 -0.00214399 -0.00287672
 -0.00156315 -0.00161098 -0.00037401 -0.00086043 -0.00059376 -0.00061505
 -0.00247117 -0.00127308 -0.00268817 -0.00169422 -0.00050424 -0.00170096
 -0.00140627 -0.00141248 -0.00164275 -0.00060649 -0.0025518  -0.00156745
 -0.00038296 -0.00160849 -0.00088906 -0.00057803 -0.0016548  -0.00100347
 -0.00127397 -0.00032675 -0.00223533 -0.0004187  -0.0033763  -0.00049333
 -0.00105147 -0.00235952 -0.00109889 -0.00081758 -0.00085284 -0.00144007]
