[8.49944444 6.83111111 7.80814815 9.25351852 7.48277778 8.28981481
 6.08481481 7.89851852 6.21777778 7.28018519 6.53148148 6.98481481
 7.15351852 5.86518519 7.09796296 6.6112963  4.96555556 5.79148148
 4.76796296 5.42055556 4.96833333 6.01296296 7.84759259 5.36555556
 5.44296296 4.41462963 4.89851852 5.57277778 5.35444444 4.86925926
 5.05907407 5.55074074 4.295      4.49759259 5.1087037  7.95611111
 5.38981481 4.4112963  4.39314815 5.44425926 5.17611111 5.09962963
 4.65240741 4.99907407 4.01296296 3.99648148 4.55055556 4.17018519
 3.82388889 4.195      4.4287037  3.74722222 4.29018519 3.68203704
 4.64444444 4.16185185 4.11333333 3.38111111 4.10037037 4.115
 4.97574074 3.82833333 3.79314815 3.49851852 4.05111111 3.72481481
 3.84277778 3.57148148 3.90574074 3.32537037 3.87148148 3.73333333
 3.95833333 3.19796296 3.2962963  3.40462963 3.46481481 3.43166667
 3.27074074 3.32907407 3.93462963 3.36444444 3.45648148 3.59203704
 3.71944444 3.67611111 3.3012963  3.23685185 3.37351852 3.08
 3.62962963 3.3587037  3.27481481 3.19648148 3.29166667 2.92277778
 3.17462963 3.1787037  3.55981481 2.7262963  2.75148148 3.34574074
 3.08814815 2.68925926 3.06777778 3.38277778 3.12518519 2.82925926
 3.11425926 2.98333333 2.63351852 3.07796296 2.80388889 2.86351852
 3.22962963 2.97777778 2.80444444 2.65962963 2.74425926 2.64462963
 2.53814815 2.42074074 2.70277778 2.85962963 2.69537037 2.51648148
 2.43703704 2.71944444 2.95722222 2.59722222 2.54203704 2.91240741
 2.45851852 2.41166667 2.4787037  2.46092593 2.39185185 2.61481481
 2.66592593 2.55925926 2.60574074 2.59851852 2.38888889 2.53555556
 2.61814815 2.73185185 2.42185185 2.2912963  2.24111111 2.39203704]
[8.61537037 6.42944444 6.48851852 7.69777778 9.56407407 5.87574074
 6.555      8.1512963  7.08185185 6.68277778 6.34351852 7.59648148
 8.45444444 5.84222222 5.72685185 7.47981481 6.78888889 5.68314815
 5.45722222 5.50277778 6.17351852 6.095      7.33925926 5.38759259
 4.86444444 5.29444444 5.06814815 4.81425926 5.70444444 5.66962963
 4.71240741 4.78462963 5.08722222 3.79481481 4.5312963  6.19092593
 5.22592593 4.66796296 4.29759259 5.38981481 5.03148148 4.69388889
 4.53240741 5.75462963 3.89388889 4.22555556 4.4687037  4.71018519
 4.38555556 3.65888889 3.90148148 3.88611111 4.0737037  3.77611111
 4.90796296 4.29407407 3.88240741 4.30962963 4.29518519 4.05555556
 3.91611111 4.44259259 3.65388889 3.60759259 3.88537037 3.84518519
 3.88592593 3.55148148 3.94351852 4.15574074 3.47       3.83314815
 3.25555556 3.54462963 3.37833333 3.63611111 3.33796296 3.38611111
 3.46351852 3.38796296 3.85166667 2.72111111 3.14444444 3.31592593
 3.62277778 4.05537037 3.46666667 3.33925926 3.295      3.49814815
 3.1837037  3.41       2.89851852 3.08574074 3.25222222 3.08296296
 3.10851852 3.29166667 3.55333333 3.43555556 2.99462963 3.24722222
 2.55111111 3.18537037 3.55222222 3.41185185 2.95148148 3.04425926
 2.63407407 3.01796296 2.96518519 2.81333333 2.72314815 2.72981481
 2.57425926 2.78314815 2.99185185 2.42018519 2.60888889 2.63981481
 2.67518519 2.47277778 2.74981481 2.64351852 2.44648148 2.85555556
 2.53925926 2.63703704 2.8437037  2.465      2.51166667 2.86574074
 2.63018519 2.505      2.55777778 2.48907407 2.645      2.43259259
 2.51277778 2.48814815 2.79518519 2.81703704 2.57666667 2.55074074
 2.36925926 2.48703704 2.25666667 2.21333333 2.3187037  2.02574074]
[ 7.02574074  7.40037037 15.98092593  7.05685185  7.86907407  5.51166667
  6.01648148  6.95833333  7.27407407  6.89481481  8.33777778  5.15444444
  6.95148148 10.11074074  7.56981481  6.18240741  6.44611111  5.20759259
  5.99        4.61092593  5.06722222  5.95518519  6.32907407  5.73481481
  5.52425926  4.57925926  4.65925926  4.86537037  5.32111111  5.20851852
  5.49388889  6.04888889  5.23055556  5.0537037   5.15462963  5.23240741
  4.82648148  4.08722222  4.96777778  5.52240741  5.145       4.26185185
  4.48481481  4.65981481  4.34888889  4.17555556  4.5012963   4.11944444
  4.36388889  4.26111111  5.36037037  3.79851852  3.88296296  4.31055556
  4.43277778  4.72018519  4.33518519  4.48333333  3.74462963  3.58055556
  6.39851852  3.49685185  3.88407407  4.08222222  4.05518519  3.71611111
  4.04555556  4.18055556  4.02851852  3.70037037  3.65833333  3.82537037
  3.84388889  3.70296296  3.60759259  3.26648148  3.91648148  3.43907407
  3.32407407  3.41814815  3.95703704  3.04740741  3.1462963   3.39537037
  3.19333333  3.57518519  3.62259259  3.55388889  3.5487037   3.48481481
  3.36185185  3.18314815  2.83055556  3.43166667  3.2637037   3.04648148
  3.05666667  3.30833333  3.45740741  2.98888889  3.14555556  4.12722222
  2.7362963   3.59685185  2.76111111  3.24462963  2.7337037   3.42111111
  3.12222222  3.19740741  2.95074074  2.77537037  2.55388889  3.05666667
  3.16166667  2.78962963  2.72851852  2.90425926  2.87037037  2.71462963
  2.57388889  2.365       2.91814815  2.49592593  2.69962963  2.9062963
  2.38148148  2.4612963   2.64055556  2.71611111  2.74740741  2.80944444
  2.52574074  2.74759259  2.45425926  2.57148148  2.52037037  2.43611111
  2.52907407  2.46351852  2.76092593  2.69388889  2.57055556  2.56166667
  2.68018519  2.385       2.33148148  2.24777778  2.32166667  2.29481481]
[ 5.7937037   8.36166667 10.58962963 10.61537037  9.65        5.84888889
  7.17944444  5.92944444  5.97092593  6.20481481  5.19240741  6.08740741
  6.84740741  5.62722222  5.69240741  6.0787037   4.67259259  6.50240741
  6.45722222  7.27277778  5.59166667  5.41388889  6.43574074  5.02685185
  6.59203704  5.20888889  4.83388889  6.02444444  4.40481481  4.32314815
  5.96666667  5.5762963   4.15555556  4.18796296  4.86888889  5.05814815
  4.28333333  3.98518519  4.0537037   4.46481481  4.89407407  4.36814815
  4.29740741  4.16759259  4.51555556  4.85925926  4.60981481  4.20925926
  4.42018519  3.99203704  4.70851852  3.42018519  3.87166667  4.00240741
  4.67407407  4.13851852  5.07759259  3.92796296  4.16685185  4.62962963
  4.64722222  3.78388889  3.5737037   3.37759259  3.68259259  4.45888889
  3.47185185  3.08240741  4.28425926  3.975       3.51166667  3.2162963
  3.40537037  3.6937037   4.18481481  3.25759259  3.66611111  3.57685185
  3.33444444  3.8312963   4.06314815  3.13777778  3.26074074  3.74203704
  3.97314815  3.85814815  3.4487037   3.46277778  3.3337037   3.18166667
  3.00148148  3.78        3.28074074  3.11944444  2.9         2.74888889
  3.17944444  3.53333333  3.4837037   3.09740741  3.18851852  2.92240741
  2.62518519  2.86148148  2.97592593  3.14740741  3.03037037  3.30518519
  2.67462963  3.63944444  2.74314815  2.80481481  2.93296296  2.755
  3.05814815  2.88166667  2.87481481  2.39888889  2.61185185  2.5012963
  2.49166667  2.55425926  3.03703704  2.73685185  2.66462963  2.58407407
  2.3662963   2.7062963   3.05888889  2.51537037  2.59148148  3.06796296
  2.44259259  2.58203704  2.46851852  2.67592593  2.60648148  2.68351852
  2.54148148  2.46277778  2.66759259  2.7412963   2.3987037   2.63796296
  2.40666667  2.50555556  2.37851852  2.38777778  2.35944444  2.40814815]
[ 6.98074074 11.27814815  6.16407407  8.44981481  6.03074074  6.10481481
  7.57462963  6.14888889  9.03148148  9.31537037  6.31925926  8.765
  5.59037037  7.18925926  7.45092593  8.17481481  6.49018519  5.03574074
  6.79296296  5.70740741  4.88648148  6.2337037   8.71240741  6.40851852
  4.31740741  7.38740741  5.2512963   5.06814815  4.45611111  4.56851852
  5.795       5.33555556  4.89        4.48537037  4.56666667  5.36962963
  4.16277778  4.47685185  4.705       5.70944444  4.73796296  4.43185185
  4.405       4.72814815  5.01796296  4.10074074  4.155       4.03814815
  4.60814815  4.20833333  4.11481481  3.84592593  4.29222222  4.42185185
  4.79703704  4.14740741  4.10925926  3.72425926  4.67592593  4.20425926
  5.82314815  4.60703704  3.56944444  4.20444444  3.72203704  4.14925926
  3.74        3.77222222  3.99796296  3.77444444  4.03481481  3.56685185
  3.86148148  3.47944444  3.36055556  3.36222222  3.36925926  3.59833333
  3.35907407  3.62        3.675       3.18962963  3.40648148  3.36
  3.15351852  3.46333333  4.01907407  3.65018519  3.41388889  3.41555556
  3.6237037   3.4662963   3.29018519  3.66981481  3.32537037  3.05907407
  3.59407407  3.60222222  3.74425926  2.95944444  3.00037037  3.25703704
  3.11203704  3.36703704  3.06333333  3.22444444  2.97648148  3.58944444
  2.81981481  3.39777778  2.78296296  2.92222222  2.7262963   2.96833333
  3.31814815  2.87259259  2.52814815  2.89222222  2.5037037   2.79759259
  2.50240741  2.67555556  2.60314815  2.66444444  2.80277778  2.80111111
  2.57518519  2.67666667  2.91185185  2.67944444  2.56759259  3.15259259
  2.58425926  2.49037037  2.56574074  2.43314815  2.90314815  2.76648148
  2.22111111  2.51425926  2.61351852  2.74148148  2.67814815  2.53574074
  2.59166667  2.68537037  2.35574074  2.08018519  2.43351852  2.40888889]
[7.48148148 6.64814815 6.05685185 7.23185185 5.99092593 6.21166667
 8.31444444 6.41222222 7.49574074 7.45203704 6.60555556 5.76296296
 7.08777778 6.09962963 6.61148148 6.67425926 9.43018519 6.01722222
 5.32851852 5.5487037  5.55074074 5.4112963  6.05351852 5.18148148
 4.42888889 5.16740741 5.83148148 4.65314815 6.00722222 4.39685185
 5.18240741 5.7687037  4.82425926 4.375      5.40574074 5.1487037
 4.41481481 4.33796296 4.54740741 5.19777778 4.34166667 4.94185185
 4.59648148 3.93759259 5.03574074 4.13944444 4.7662963  3.92462963
 4.81648148 4.32481481 4.15351852 4.25444444 3.93148148 4.29425926
 4.4937037  4.475      5.33388889 3.88888889 4.23833333 4.09018519
 4.34388889 3.91407407 3.75851852 3.44740741 3.99925926 3.86592593
 3.6762963  3.35074074 3.58055556 3.59018519 3.60481481 3.49925926
 3.49092593 3.71277778 3.97055556 3.09981481 3.58555556 3.32462963
 3.60222222 3.41574074 3.72166667 3.67648148 3.46074074 3.22666667
 3.31203704 4.33962963 3.50092593 3.3012963  3.35944444 3.09277778
 3.32407407 3.03518519 2.82833333 2.86259259 3.02185185 3.6187037
 3.39592593 2.9        3.61277778 3.26240741 3.02055556 3.45814815
 3.42740741 3.35462963 3.25166667 3.09037037 3.12888889 3.29
 2.77018519 2.81       3.00481481 2.68       3.17444444 2.78592593
 3.26074074 2.92037037 2.76814815 2.49277778 2.85277778 2.59388889
 2.42166667 2.61740741 2.51814815 2.54388889 2.6237037  2.77888889
 2.63111111 2.87944444 2.61666667 2.61611111 2.67425926 3.15055556
 2.49685185 2.65962963 2.40814815 2.65518519 2.52333333 2.33148148
 2.50555556 2.46944444 2.52351852 2.75740741 2.52814815 2.72259259
 2.62611111 2.55981481 2.58425926 2.28222222 2.32296296 2.30759259]
[ 7.91962963  9.17814815  6.97074074  7.49        8.42        6.24648148
 16.17944444  8.50777778  6.35        6.02259259  5.67240741  5.70944444
  5.12425926  4.76907407  5.74055556  5.90351852  5.53333333  7.09037037
  4.68648148  5.27888889  5.48481481  4.99537037  6.58351852  5.16074074
  5.65351852  5.09222222  5.23833333  4.83481481  6.74888889  5.29685185
  5.34740741  5.33592593  4.48055556  5.57555556  5.16055556  4.81166667
  4.82277778  4.03962963  4.04814815  5.13018519  4.23259259  3.89888889
  4.22925926  4.0187037   4.29592593  4.18703704  4.57148148  3.59851852
  4.52666667  3.88333333  3.51259259  3.99092593  4.47722222  4.5712963
  4.98555556  3.72944444  4.47111111  3.73777778  4.43388889  3.76925926
  4.27185185  4.10425926  3.89388889  4.02592593  4.02351852  3.88833333
  3.39592593  3.97333333  3.93537037  3.75037037  4.02833333  3.74481481
  3.45703704  3.12259259  3.58981481  3.60907407  3.67685185  3.52592593
  3.77648148  3.56314815  3.70851852  3.23796296  3.92314815  3.24462963
  3.58777778  3.60851852  3.24685185  3.41796296  3.56203704  3.12888889
  3.38425926  3.04092593  3.11222222  3.24962963  3.30666667  2.955
  3.09777778  3.27277778  3.6437037   3.13240741  2.86888889  3.18018519
  3.0662963   2.98537037  3.04074074  3.05222222  2.72277778  2.84481481
  3.02777778  3.02425926  2.66851852  2.83888889  2.82944444  2.87351852
  3.11388889  2.75148148  2.80092593  2.84907407  2.70759259  2.67703704
  2.61759259  2.39703704  2.95296296  2.80685185  2.51296296  2.69
  2.64314815  2.61240741  3.18092593  2.42740741  3.02518519  2.84055556
  2.62907407  2.42851852  2.7037037   2.41666667  2.48759259  2.39962963
  2.46722222  2.49592593  2.87833333  2.72277778  2.63055556  2.63259259
  2.41777778  2.48518519  2.43185185  2.40833333  2.47944444  2.26203704]
[9.00888889 8.92018519 9.68314815 7.06518519 6.53333333 8.47981481
 7.23240741 8.2637037  7.8037037  6.53481481 7.86851852 5.88777778
 6.68759259 5.8462963  5.6537037  5.25759259 6.3112963  6.10037037
 5.57185185 6.06685185 7.24592593 5.59407407 6.5187037  5.81185185
 6.35722222 5.19407407 8.13759259 5.05185185 5.89685185 5.13981481
 4.91962963 6.34925926 5.54722222 5.67907407 5.48759259 5.09037037
 4.7812963  4.26222222 5.05851852 5.22092593 4.87296296 4.22222222
 5.14351852 4.17351852 3.85388889 5.25555556 4.04740741 4.94259259
 4.56166667 4.97481481 3.69222222 4.4662963  3.73944444 4.30722222
 4.28759259 4.71444444 4.37462963 4.55537037 4.08814815 4.28
 4.02981481 4.26055556 4.30611111 3.95925926 3.19888889 3.98592593
 4.14925926 3.6737037  3.82092593 3.50481481 3.90444444 3.54574074
 3.7412963  3.58740741 3.14666667 3.2837037  2.90333333 3.29037037
 3.31648148 3.24074074 3.70296296 3.4512963  3.06759259 3.67555556
 3.15796296 3.57814815 3.53       3.58222222 3.32092593 3.18018519
 3.12203704 3.43351852 3.19703704 3.49037037 2.84277778 3.01314815
 3.06851852 3.17722222 3.90759259 3.02388889 3.40055556 3.07166667
 2.87851852 3.11       2.88111111 3.6287037  2.73481481 3.08666667
 2.81851852 3.12055556 2.85574074 2.89814815 2.64888889 2.91851852
 2.86611111 2.78037037 2.82740741 2.57925926 2.85962963 2.72981481
 2.56055556 2.49888889 2.65537037 2.77092593 2.48944444 2.72148148
 2.48185185 2.69351852 2.94592593 2.56351852 2.52888889 2.93333333
 2.6512963  2.62111111 2.43185185 2.58333333 2.60981481 2.50203704
 2.49296296 2.49981481 2.35148148 2.58685185 2.59296296 2.39314815
 2.58111111 2.44740741 2.50685185 2.3587037  2.30111111 2.47388889]
[8.26962963 5.83722222 8.27277778 5.93574074 6.49796296 7.88666667
 8.00222222 5.295      9.68759259 7.2887037  8.29685185 5.39611111
 6.77351852 5.91185185 5.58185185 7.09666667 4.55407407 5.49425926
 6.32944444 5.69092593 5.85037037 6.05777778 5.68222222 8.79759259
 4.73185185 5.53944444 5.71740741 5.02148148 5.5312963  5.02981481
 4.05981481 5.2187037  4.36462963 6.06074074 5.14037037 6.46907407
 5.23777778 4.7012963  4.47907407 4.56296296 4.56462963 5.41425926
 4.49166667 4.24740741 4.39462963 4.48740741 4.01833333 4.31740741
 3.91462963 4.09796296 4.24240741 3.85555556 3.71388889 3.89703704
 4.78685185 4.6562963  4.75833333 4.36462963 4.24481481 3.69074074
 5.09981481 3.8537037  4.21759259 3.8887037  3.80185185 3.60277778
 3.51055556 3.48592593 3.69222222 4.0262963  4.10981481 3.04796296
 3.46444444 3.54703704 3.64703704 2.96574074 3.69833333 3.65222222
 3.4412963  3.27925926 4.17907407 3.68481481 2.92018519 3.30277778
 3.33518519 3.67074074 3.32222222 3.35148148 3.74148148 3.24314815
 3.12611111 2.89185185 2.7312963  3.12037037 3.33351852 2.88611111
 3.4262963  3.09351852 3.47685185 2.74296296 3.33962963 3.50462963
 2.75185185 2.90074074 2.91814815 3.14055556 2.77222222 2.99351852
 2.88314815 3.11333333 2.92518519 2.85888889 2.67481481 2.83648148
 2.91907407 2.83722222 2.76648148 2.51074074 2.48814815 2.7887037
 2.58574074 2.49814815 2.68722222 2.74259259 2.58425926 2.73833333
 2.46333333 2.67462963 2.8262963  2.44555556 2.87       2.8912963
 2.33944444 2.4437037  2.60277778 2.42962963 2.46907407 2.54518519
 2.52814815 2.48962963 2.57722222 2.62648148 2.40851852 2.62611111
 2.70685185 2.60240741 2.31648148 2.18259259 2.16814815 2.16888889]
[ 7.39462963  8.73166667  7.45425926  6.4287037   8.52481481  7.3712963
  7.58148148 12.38814815  6.43833333  7.05574074  5.75518519  5.99740741
  6.67148148  6.06425926  6.83222222  5.90055556  7.23462963  6.54981481
  5.66777778  6.34018519  6.29666667  5.67592593  5.81111111  6.38407407
  5.4512963   5.25444444  5.69481481  4.69574074  5.50203704  5.42611111
  4.53314815  4.78851852  4.95833333  5.44851852  4.07814815  5.22851852
  4.97462963  5.49611111  4.94925926  6.46259259  5.11703704  4.64907407
  3.94962963  4.67666667  3.96259259  4.2462963   4.06944444  4.3212963
  4.69611111  4.20648148  4.69611111  4.52592593  4.17351852  3.84777778
  4.73925926  3.99        4.38092593  3.63981481  4.30092593  4.16222222
  4.94166667  3.93351852  3.87740741  3.48277778  4.46740741  4.34592593
  3.61722222  3.41851852  3.8462963   3.6137037   3.85814815  3.48611111
  3.5837037   3.61074074  3.54833333  3.35111111  3.73518519  3.00222222
  3.83259259  3.31166667  4.02037037  2.97314815  3.20296296  3.915
  3.63444444  4.04888889  3.39648148  2.95148148  3.4487037   2.96092593
  3.24574074  3.52888889  3.02981481  3.24240741  3.59111111  3.09203704
  3.56518519  3.355       3.64111111  3.14944444  3.0212963   3.36259259
  3.11981481  3.24888889  3.12333333  3.31518519  2.8062963   3.03425926
  3.95074074  3.50666667  2.7687037   2.835       2.9462963   3.02796296
  3.06777778  3.00444444  2.60703704  2.51055556  2.37925926  3.21074074
  2.75        2.40648148  2.615       2.975       2.68037037  2.79111111
  2.57611111  2.65648148  2.66962963  2.59907407  2.88833333  3.43166667
  2.53222222  2.50740741  2.48962963  2.56240741  2.63518519  2.50462963
  2.80759259  2.64074074  2.33277778  2.70518519  2.51222222  2.57166667
  2.73944444  2.72407407  2.46592593  2.37592593  2.49388889  2.1837037 ]
