[-31.066 -33.708 -47.269 -15.685 -23.489 -11.351 -19.632 -10.108 -10.416
  -8.429  -9.811  -7.212  -8.561 -10.256  -9.754 -32.809 -10.349  -7.752
  -7.468  -7.944  -6.192  -7.227  -6.889  -7.087  -7.502  -6.142  -8.646
  -7.155  -5.98   -5.948  -6.51   -5.769  -6.31   -8.492  -8.68  -10.939
  -9.243  -6.886  -6.889  -8.822  -6.547  -6.045  -7.917  -6.429  -6.254
  -8.154 -10.075 -10.549 -16.748 -11.934 -11.009 -10.426  -9.514  -9.654
  -6.812  -5.343  -7.021  -7.354  -6.315  -5.493  -5.565  -5.439  -6.498
  -5.976  -5.544  -5.608  -5.556  -5.069  -6.039  -6.092  -8.06   -6.449
  -4.744  -6.109  -6.154  -4.6    -5.449  -6.17   -5.159  -4.834  -4.891
  -3.788  -4.61   -4.845  -4.474  -3.734  -4.386  -5.383  -5.211  -5.039
  -5.855  -4.381  -4.716  -4.601  -3.952  -4.61   -4.932  -4.771  -6.776
  -5.342  -4.546  -5.456  -5.164  -4.273  -4.318  -5.459  -6.496  -7.98
  -6.072  -7.283  -5.091  -4.531  -4.418  -4.561  -5.163  -5.76   -4.37
  -5.18   -5.67   -8.441  -8.471  -7.423  -5.744  -5.535  -5.338  -4.495
  -4.248  -4.366  -5.496  -5.522  -4.953  -4.837  -4.454  -4.801  -4.452
  -5.12   -5.132  -5.131  -4.35   -5.095  -5.27   -4.493  -5.379  -5.762
  -5.865  -6.697  -4.848  -4.132  -4.28   -4.041]
[-23.649 -19.91  -15.78  -15.124 -12.257 -11.073 -13.821 -12.565  -8.727
  -9.988  -8.261 -10.145  -6.485  -8.512  -6.299  -6.798  -6.473  -7.959
  -6.809  -6.081  -6.781  -7.603  -8.516  -6.946  -8.991  -9.534  -6.855
  -7.528  -7.232  -6.103  -6.713  -7.314  -6.601  -5.415  -7.583  -7.75
  -9.729  -6.949  -7.072  -7.743  -6.689  -6.27   -7.562  -7.437  -7.232
  -7.35   -6.437  -7.319  -7.439  -9.861 -10.008 -10.161 -10.056  -9.623
  -7.601  -9.309 -11.059  -9.591 -10.26   -9.667  -9.572  -7.794  -7.511
  -8.479 -10.513 -11.198  -7.918 -10.674 -10.211  -9.662  -8.905  -8.879
 -10.258 -11.332  -8.899 -11.111  -7.963  -9.017  -9.011  -9.347  -8.207
  -6.845  -7.034 -10.042  -7.129  -6.555  -7.368  -8.524  -7.132  -6.768
  -5.426  -6.795  -5.794  -6.182  -7.644  -6.388  -5.587  -6.135  -6.479
  -5.068  -4.772 -10.413  -5.285  -5.779  -5.423  -5.789  -6.555  -6.21
  -4.754  -5.154  -5.761  -5.595  -4.186  -5.556  -6.706  -5.516  -4.729
  -5.895  -6.575  -6.325  -5.854  -5.222  -5.118  -5.996  -6.368  -7.21
  -6.235  -7.202  -6.991  -6.99   -6.031  -7.627  -4.819  -4.936  -5.815
  -5.232  -5.934  -4.125  -4.972  -4.123  -7.635  -5.457  -3.828  -4.249
  -6.049  -5.582  -5.585  -4.713  -4.717  -5.672]
[-17.279 -22.989 -21.335 -18.602 -11.082 -11.983 -14.65  -12.421 -13.257
  -8.269 -10.695  -8.36   -9.341  -9.042  -7.553  -9.347  -8.384  -7.779
  -6.585  -7.189  -6.858  -6.93   -7.445  -6.363  -8.215  -6.861  -6.758
  -8.541  -8.49   -7.857  -6.836  -6.671  -4.818  -4.446  -5.373  -6.46
  -5.733  -5.673  -5.911  -6.892  -7.564  -7.821  -6.515  -8.144  -5.877
 -10.084  -7.338  -6.609  -8.05   -6.499  -7.46   -6.365  -5.958  -6.611
  -7.749  -5.99   -6.278  -6.662  -7.101  -6.208  -6.373  -5.543  -7.42
  -7.97   -6.742  -6.358  -7.75   -6.001  -7.202  -6.674  -7.667  -8.739
  -9.746  -8.801 -10.815  -8.402  -9.816  -6.745  -6.971  -5.66   -6.762
  -6.635  -4.926  -5.662  -4.5    -5.517  -6.861  -6.13   -5.026  -4.623
  -5.905  -5.622  -5.081  -5.376  -5.507  -5.126  -7.426  -7.062  -5.758
  -5.655  -5.463  -8.552  -6.729  -8.471  -8.039  -6.995  -7.423  -5.152
  -6.632  -5.667  -5.9    -8.351  -6.445  -6.467  -6.698  -6.255  -4.96
  -7.242  -6.669  -5.991  -6.603  -6.024  -4.956  -5.651  -5.662  -8.028
  -8.185  -7.183  -8.562  -5.752  -6.14   -8.266  -6.008  -7.167  -7.141
  -6.751  -7.424  -8.324  -5.894  -9.452  -7.833  -8.605  -9.272 -10.952
 -15.582  -7.512  -7.296  -7.517  -6.529  -7.563]
[-24.382 -16.483 -14.987 -12.449 -13.284 -11.105 -16.931  -9.683 -14.298
 -10.412  -9.07   -7.803  -8.439  -9.417  -8.414  -7.717  -9.081  -9.574
  -8.8    -6.163  -7.204  -9.3   -11.247  -9.079  -8.009  -6.859  -6.206
  -8.31   -7.649 -13.308 -10.591  -8.864  -6.991  -6.237  -5.991  -6.83
  -9.861 -12.615  -7.636  -6.195  -8.912  -7.168  -7.687  -8.584  -7.411
  -9.527  -7.134  -6.247  -7.96   -7.789  -6.297  -7.23   -5.946  -5.927
  -4.992  -4.848  -6.156  -4.819  -5.542  -6.363  -5.027  -6.866  -6.788
  -5.38   -5.33   -6.683  -6.422  -6.691  -7.989  -6.577  -5.141  -4.465
  -5.271  -5.87   -4.974  -5.209  -5.508  -4.876  -5.394  -5.411  -6.134
  -4.967  -5.056  -6.186  -6.412  -5.392  -5.615  -5.249  -5.363  -4.799
  -5.552  -5.403  -5.762  -5.772  -4.783  -4.855  -6.125  -5.6    -7.26
  -4.682  -5.492  -6.135  -5.181  -5.321  -6.809  -5.842  -5.512  -5.766
  -6.297  -5.458  -4.298  -4.699  -4.484  -4.715  -4.603  -5.118  -4.376
  -5.047  -4.359  -5.135  -4.41   -5.252  -5.108  -5.469  -5.901  -6.349
  -5.623  -5.37   -5.115  -5.276  -5.806  -5.534  -6.306  -5.751  -6.765
  -7.858  -5.98   -5.542  -4.924  -6.017  -5.696  -6.483  -5.636  -5.691
  -6.678  -5.183  -4.952  -5.395  -4.904  -4.537]
[-17.564 -18.649 -28.919 -16.405 -13.717 -10.481 -10.793 -12.375  -9.866
  -9.455  -7.686  -7.98   -7.357  -6.81   -6.609  -7.147  -5.798  -7.639
  -8.675  -7.334  -6.153  -6.307  -6.981  -8.986  -9.241  -9.279  -6.869
  -9.037  -6.705  -6.837  -7.453  -7.139  -6.815  -6.423  -6.829  -7.203
  -6.432  -5.692  -5.438  -6.891  -7.039  -6.52   -7.481  -5.386  -5.957
  -6.599  -6.484  -5.352  -7.085  -4.933  -6.146  -5.304  -5.534  -6.308
  -6.099  -5.927  -5.887  -5.323  -5.17   -6.055  -6.394  -6.109  -4.951
  -5.524  -5.711  -6.044  -5.606  -4.148  -5.204  -5.178  -7.078  -6.621
  -6.049  -6.917  -6.507  -6.523  -6.013  -5.892  -6.009  -5.437  -5.569
  -5.927  -5.045  -5.016  -5.602  -6.406  -5.485  -8.001  -7.102  -7.245
  -7.419  -6.447  -6.844  -8.562  -8.628  -9.459  -9.332  -6.565  -8.486
  -6.932  -7.527  -7.182  -8.832  -9.088  -7.257  -6.021  -5.432  -5.627
  -5.736  -5.621  -5.519  -5.451  -7.156  -7.19   -6.663  -5.986  -4.986
  -4.261  -5.31   -5.831  -5.398  -4.63   -5.086  -5.066  -5.795  -5.902
  -6.355  -6.518  -5.502  -6.668  -6.569  -6.685  -7.039  -6.306  -6.401
  -7.585  -7.28   -6.772  -6.242  -5.796  -7.254  -5.107  -5.201  -5.444
  -6.074  -5.485  -4.884  -4.453  -4.975  -5.608]
[-25.985 -18.617 -18.094 -13.724 -16.197 -14.881 -15.899 -76.612 -16.644
 -28.336 -39.17  -15.54  -14.501 -13.032  -8.913 -10.758  -8.097  -8.365
  -9.404  -7.287  -8.693 -13.427  -7.819  -9.934  -5.715  -6.924  -5.727
  -7.204  -6.358  -6.132  -4.545  -5.214  -4.898  -6.512  -5.01   -5.169
  -6.309  -5.201  -4.624  -4.935  -7.139  -6.301  -8.755  -7.891  -5.999
  -6.149  -6.018  -6.814  -5.974  -5.917  -7.65   -9.525  -6.607  -6.58
  -6.487  -5.391  -5.228  -5.036  -4.467  -5.294  -6.846  -6.354  -6.323
  -7.602  -8.095  -6.109  -8.967  -6.449  -7.113  -5.559  -6.186  -4.979
  -4.888  -5.64   -4.957  -4.759  -4.195  -5.131  -4.782  -5.412  -5.774
  -4.996  -4.66   -5.098  -5.451  -5.135  -4.921  -5.14   -5.518  -4.088
  -4.563  -5.26   -4.915  -4.979  -6.361  -5.54   -5.657  -5.091  -7.078
  -5.347  -6.255  -5.563  -6.397  -6.803  -8.635  -7.147  -6.148  -5.186
  -4.876  -4.817  -4.804  -5.944  -5.782  -5.933  -6.587  -5.412  -6.246
  -5.914  -6.091  -5.284  -5.423  -4.958  -4.847  -6.084  -7.042  -6.467
  -7.456  -6.44   -7.532  -7.072  -8.36   -8.798  -6.212  -5.041  -5.547
  -4.552  -6.24   -5.313  -5.714  -5.338  -6.496  -5.919  -5.353  -5.196
  -5.653  -5.686  -5.501  -5.847  -5.224  -5.147]
[-17.545 -19.796 -14.814 -16.869 -10.679 -10.454 -11.275  -8.728 -13.34
  -8.28  -10.01   -7.894  -7.197  -6.449  -6.862  -5.681  -5.144  -5.486
  -4.859  -4.904  -4.926  -5.753  -7.156  -5.768  -6.066  -5.126  -5.23
  -5.608  -5.33   -4.312  -4.732  -5.617  -4.875  -5.382  -6.65   -5.995
  -7.081  -5.671  -5.595  -7.295  -6.121  -6.734  -8.086  -5.265  -4.867
  -5.371  -5.182  -6.022  -6.15   -5.431  -5.647  -4.894  -4.413  -6.149
  -6.603  -7.079  -7.247  -6.726  -8.684  -7.303  -8.483  -5.713  -5.924
  -6.557  -7.601  -8.768  -8.19   -7.003  -6.749  -6.916  -7.71   -7.461
  -6.623  -6.83   -6.969  -8.211  -8.056  -8.683  -8.553  -7.113 -10.175
  -8.45   -6.443  -7.539  -6.077  -6.906 -18.709  -7.251  -8.918  -5.693
  -5.824  -5.797  -6.205  -6.286  -5.028  -5.842  -5.374  -5.634  -9.095
  -5.353  -5.773  -6.872  -6.309  -6.707  -4.948  -5.169  -4.666  -6.312
  -5.976  -6.873  -4.829  -5.949  -5.327  -7.174  -8.77   -7.577  -6.692
  -6.591  -4.854  -7.507  -6.298  -5.405  -5.528  -7.184  -4.917  -5.148
  -5.587  -5.578  -6.681  -6.143  -5.799  -9.392  -5.205  -4.216  -5.992
  -5.592  -6.426  -4.871  -4.18   -4.199  -5.908  -4.419  -4.276  -5.572
  -5.259  -5.088  -5.011  -5.835  -4.887  -6.188]
[-31.275 -24.097 -15.223 -28.925 -14.315  -9.925 -10.93   -7.262  -8.101
  -8.617 -10.066  -8.569  -7.91   -7.726 -10.314  -9.153  -8.211  -8.545
  -9.829  -7.039  -6.266  -6.125  -6.973  -6.897  -6.616  -6.751  -5.9
  -6.77   -7.26   -7.445  -7.046  -6.594  -7.163  -6.908  -8.386  -7.196
  -8.821  -9.784  -9.883  -8.183  -6.428  -5.716  -6.019  -5.759  -5.513
  -5.098  -6.805  -5.698  -5.621  -6.357  -6.518  -5.655  -5.493  -5.625
  -5.168  -5.937  -5.459  -5.99   -6.325  -7.148  -6.106  -6.192  -6.376
  -6.212  -5.233  -7.131  -5.587  -5.207  -6.093  -5.112  -5.771  -6.091
  -5.62   -5.941  -4.594  -5.141  -5.266  -6.148  -5.94   -7.305  -8.691
  -6.349  -6.86   -6.237  -4.819  -6.954  -5.885  -6.627  -6.886  -5.73
  -5.288  -5.597  -4.655  -5.697  -5.121  -5.278  -7.481  -8.167  -7.25
  -6.641  -6.979  -7.914  -6.997  -6.497  -5.3    -5.216  -5.044  -5.626
  -5.433  -4.584  -5.418  -4.886  -4.879  -5.271  -5.85   -5.863  -6.016
  -5.524  -5.419  -5.895  -4.61   -5.09   -6.099  -7.345  -7.026  -8.324
  -7.948  -6.73   -8.378  -6.588  -5.954  -9.783  -7.516  -6.217  -7.065
  -6.279  -7.054  -6.764  -6.958  -6.879  -7.448  -7.755  -6.884  -7.02
  -5.881  -6.124  -6.     -6.643  -5.269  -4.685]
[-27.506 -25.388 -44.036 -12.801 -15.057 -12.248 -13.683  -9.875  -9.58
  -9.128  -9.386  -7.832  -8.767  -7.019  -8.975  -9.704  -6.708  -5.929
  -6.659  -8.402  -9.226 -10.64   -9.991  -6.977  -7.602 -10.649 -11.827
  -6.172  -7.311  -7.544  -6.739  -6.795  -6.265  -6.458  -8.462  -6.718
  -5.929  -5.62   -4.719  -6.111  -6.06   -5.38   -8.317  -8.029 -13.025
 -10.342  -8.97   -8.221  -7.112  -7.179  -6.77  -10.202  -7.991  -7.543
  -6.533  -5.756  -7.124 -17.206 -11.352  -8.359  -6.25   -5.415  -5.422
  -5.831  -5.566  -5.596  -5.038  -5.039  -5.176  -5.617  -4.62   -4.385
  -4.429  -5.126  -4.699  -5.112  -4.976  -5.337  -5.685  -7.367  -8.365
  -7.335  -5.584  -5.725  -8.817  -8.775  -8.916  -8.049  -6.289  -6.776
  -5.082  -6.455  -5.183  -5.052  -5.867  -5.62   -5.638  -6.623  -7.752
  -5.227  -6.723  -7.117  -4.702  -4.753  -5.609  -5.91   -5.228  -5.803
  -7.407  -5.724  -5.752  -6.579  -5.64   -5.828  -7.137  -5.736  -6.071
  -6.035  -4.844  -5.234  -4.993  -5.437  -5.402  -6.274  -5.075  -5.046
  -5.777  -6.772  -7.651  -6.62   -7.194  -7.75   -8.042  -7.383  -5.699
  -4.462  -6.145  -8.187  -6.787  -8.483 -15.087  -8.696  -8.653  -9.409
 -17.005 -25.386 -12.599 -11.097 -12.714 -13.081]
[-25.676 -16.656 -10.06  -17.289 -11.091  -8.763  -9.762  -7.991  -8.592
  -6.838  -9.433  -7.456  -7.204  -5.13   -6.184  -6.046  -5.183  -5.727
  -5.383  -5.574  -5.576  -5.836  -5.223  -6.828  -5.732  -5.206  -4.81
  -6.986  -5.682  -5.638  -5.387  -6.638  -5.49   -9.097  -5.819  -8.042
  -6.656  -5.972  -8.972 -11.907 -12.276  -6.929  -6.875  -8.835  -6.104
  -5.09   -8.153  -9.371  -8.201  -6.181  -5.737  -6.234  -5.37   -6.742
 -10.404  -5.718  -5.737  -5.645  -5.383  -5.616  -5.027  -5.593  -4.789
  -4.706  -5.189  -5.389  -5.239  -5.784  -5.625  -5.547  -5.412  -5.521
  -4.873  -5.048  -4.956  -5.527  -6.658  -6.103  -6.426  -5.983  -6.121
  -5.531  -5.69   -5.838  -5.96   -5.67   -5.984  -5.969  -5.33   -5.933
  -6.545  -6.722  -4.9    -5.34   -4.987  -5.112  -5.927  -5.056  -6.739
  -6.236  -6.374  -5.984  -5.931  -5.139  -4.95   -5.013  -4.319  -5.174
  -5.099  -4.914  -5.556  -4.617  -5.804  -5.594  -6.502  -5.5    -6.429
  -4.251  -4.629  -5.389  -6.286  -5.588  -4.438  -4.773  -5.283  -5.103
  -5.25   -5.463  -3.962  -4.284  -4.158  -5.072  -5.611  -4.297  -5.627
  -5.459  -4.371  -5.343  -5.225  -5.274  -3.62   -4.849  -4.575  -4.763
  -5.725  -6.417  -5.94   -5.477  -4.747  -4.817]
