[-0.60027378 -0.7230638  -0.48531052 -0.3126216  -0.44167687 -0.36478239
 -0.36570187 -0.28075655 -0.27999405 -0.25008352 -0.43344433 -0.17582603
 -0.25833506 -0.35122304 -0.20310593 -0.32560456 -0.25991404 -0.24667685
 -0.19126375 -0.22860535 -0.17223004 -0.23183105 -0.3272387  -0.17723065
 -0.13563381 -0.16836345 -0.26231088 -0.1481625  -0.142716   -0.14043607
 -0.12537133 -0.15128187 -0.17457328 -0.22644087 -0.23161828 -0.4693368
 -0.18674904 -0.16486154 -0.17821383 -0.29881649 -0.19414016 -0.14231691
 -0.22847061 -0.114481   -0.20238877 -0.21912102 -0.28442728 -0.15581315
 -0.22398117 -0.25543251 -0.24188262 -0.37376601 -0.3922541  -0.21798981
 -0.36213272 -0.15748313 -0.29140683 -0.18144142 -0.16601981 -0.16207964
 -0.26392206 -0.16557318 -0.18997327 -0.18709982 -0.17125065 -0.19335393
 -0.12978347 -0.1862838  -0.19840026 -0.1722214  -0.3205953  -0.17055372
 -0.09190155 -0.17130722 -0.16349458 -0.12109554 -0.12846069 -0.10000951
 -0.12267007 -0.14389844 -0.26243801 -0.1092527  -0.13546339 -0.10684384
 -0.11585762 -0.13470258 -0.18050199 -0.15321116 -0.17437307 -0.11162814
 -0.14720663 -0.14870308 -0.12175912 -0.1803388  -0.1350363  -0.12398715
 -0.12462466 -0.1029355  -0.30805516 -0.09737825 -0.10662013 -0.26864291
 -0.09962736 -0.15189836 -0.12323279 -0.26479584 -0.18050684 -0.12820593
 -0.16797132 -0.28356047 -0.15566691 -0.17031958 -0.11759632 -0.14829251
 -0.2480804  -0.12173745 -0.10859501 -0.11156434 -0.11045182 -0.17888218
 -0.1609565  -0.20592062 -0.13377758 -0.1153644  -0.16527208 -0.11088174
 -0.15643466 -0.10086345 -0.23511638 -0.13516547 -0.12254002 -0.22281418
 -0.11413949 -0.17416574 -0.1011245  -0.11775252 -0.18048316 -0.15237527
 -0.13824591 -0.12381393 -0.22188381 -0.11844352 -0.1242815  -0.11321024
 -0.12765691 -0.19599767 -0.13536877 -0.10421989 -0.14632113 -0.10443317]
[-0.42866788 -0.46904643 -0.29759483 -0.21630999 -0.32467027 -0.2206163
 -0.3680716  -0.3456482  -0.18899308 -0.17959429 -0.27283748 -0.26051139
 -0.26557524 -0.2139128  -0.18090605 -0.20349666 -0.18648047 -0.20422353
 -0.15800351 -0.17595905 -0.18638702 -0.23728734 -0.42825894 -0.18612981
 -0.18344612 -0.17688861 -0.15286359 -0.20087258 -0.15495628 -0.16106158
 -0.13647512 -0.19681298 -0.15596937 -0.20475418 -0.16993616 -0.34477617
 -0.17391715 -0.16671277 -0.22035516 -0.24481208 -0.20959418 -0.11361051
 -0.21860068 -0.1585769  -0.13680708 -0.16565735 -0.18255195 -0.16036705
 -0.21870157 -0.20851509 -0.24704119 -0.48886957 -0.24392021 -0.21609592
 -0.37448844 -0.22586384 -0.53885145 -0.30050699 -0.29807926 -0.21885421
 -0.44734697 -0.2269256  -0.13544845 -0.23728409 -0.43301989 -0.39097545
 -0.21052477 -0.36692304 -0.22695356 -0.31002934 -0.27421629 -0.2329077
 -0.25704589 -0.32707301 -0.28511359 -0.29062196 -0.30691053 -0.23672545
 -0.23271996 -0.34379928 -0.46251554 -0.30882856 -0.20554906 -0.26449258
 -0.20286384 -0.32216771 -0.34063739 -0.18181155 -0.28184663 -0.17192472
 -0.18934157 -0.19990785 -0.15669257 -0.27059217 -0.17983493 -0.17210051
 -0.1482456  -0.14314185 -0.28264933 -0.09071394 -0.1158013  -0.28554794
 -0.10539031 -0.13634333 -0.19722278 -0.2247655  -0.13847568 -0.17586743
 -0.14045324 -0.24733023 -0.18782827 -0.17434501 -0.13233517 -0.12542719
 -0.26060308 -0.1099994  -0.1374408  -0.10048755 -0.18639622 -0.1216056
 -0.13114928 -0.2060442  -0.14000054 -0.15946758 -0.26234613 -0.13505541
 -0.14779319 -0.15875849 -0.36476401 -0.16526778 -0.14393549 -0.37155015
 -0.10717165 -0.15559592 -0.13556521 -0.12643509 -0.19202709 -0.1044072
 -0.12054775 -0.09589472 -0.24855177 -0.09788363 -0.10746893 -0.08790875
 -0.13475684 -0.10233717 -0.12950808 -0.08293974 -0.15220794 -0.15160441]
[-0.55096635 -0.53314459 -0.40480659 -0.31876041 -0.25450481 -0.31431053
 -0.39397787 -0.43364825 -0.43151232 -0.24942216 -0.3660231  -0.18207262
 -0.25252516 -0.20860588 -0.17421374 -0.29659304 -0.17346885 -0.23649408
 -0.23984064 -0.24282686 -0.24949919 -0.28354667 -0.2990735  -0.17286473
 -0.21176157 -0.18689472 -0.15183722 -0.26481854 -0.25994047 -0.25905048
 -0.18287512 -0.20564042 -0.16370181 -0.14371354 -0.17356042 -0.22118905
 -0.1686856  -0.15587648 -0.2032623  -0.28880555 -0.21715177 -0.20211085
 -0.16414194 -0.13655731 -0.13125974 -0.22013199 -0.30463884 -0.18880602
 -0.15960495 -0.28028482 -0.21704959 -0.22100636 -0.21544312 -0.14633577
 -0.30661281 -0.20064381 -0.28208994 -0.23204221 -0.18676299 -0.17464867
 -0.28132567 -0.18292989 -0.19735196 -0.19307909 -0.18137934 -0.19915386
 -0.22725175 -0.19929832 -0.21350142 -0.21429169 -0.24842148 -0.2165329
 -0.19807403 -0.26888555 -0.34218129 -0.2428993  -0.3072102  -0.15306732
 -0.20890058 -0.17040579 -0.34118481 -0.25228954 -0.12787977 -0.14126991
 -0.10592306 -0.20516205 -0.24090065 -0.15117465 -0.21511597 -0.09365488
 -0.13566567 -0.16114777 -0.12956217 -0.23312007 -0.15783333 -0.17814319
 -0.15551739 -0.12853451 -0.2086824  -0.08831125 -0.12149433 -0.38524699
 -0.20536689 -0.28835878 -0.24954899 -0.30043442 -0.14728099 -0.14673061
 -0.14729672 -0.27767294 -0.21918823 -0.19991507 -0.18143323 -0.17401473
 -0.27931588 -0.15867116 -0.12286158 -0.11421193 -0.15652803 -0.14198496
 -0.18289004 -0.19430643 -0.13867273 -0.13699429 -0.14359653 -0.19872993
 -0.17945597 -0.18890883 -0.26335349 -0.13670173 -0.13230856 -0.34178395
 -0.11525912 -0.18354881 -0.21308633 -0.1882049  -0.18779379 -0.23626811
 -0.15791844 -0.2519963  -0.34027515 -0.18115003 -0.25766298 -0.18093563
 -0.25285885 -0.19109591 -0.15425259 -0.17021234 -0.2278634  -0.19077876]
[-0.65820201 -0.50747073 -0.40241235 -0.26446317 -0.39516309 -0.27032292
 -0.34327277 -0.31124606 -0.36063108 -0.1675884  -0.24644006 -0.2253363
 -0.27378826 -0.28613056 -0.21913012 -0.37147856 -0.27814951 -0.26594856
 -0.25335326 -0.15710869 -0.25634838 -0.22683035 -0.50182757 -0.41572945
 -0.26452436 -0.17923216 -0.16179173 -0.22320967 -0.23190747 -0.32180121
 -0.24245734 -0.2933751  -0.21918139 -0.15099629 -0.17735042 -0.28868564
 -0.30123124 -0.17575212 -0.20246364 -0.23380818 -0.22749433 -0.19247317
 -0.18777447 -0.25930834 -0.20120566 -0.29879004 -0.37132942 -0.14935982
 -0.22172414 -0.23616341 -0.20768732 -0.19213687 -0.17432052 -0.13947815
 -0.23909732 -0.14545276 -0.35207656 -0.10994729 -0.11446643 -0.21096588
 -0.28894792 -0.16009903 -0.16557513 -0.17679849 -0.13820034 -0.20742672
 -0.16425106 -0.22040323 -0.19458941 -0.14182292 -0.1384034  -0.13804108
 -0.15125209 -0.16366457 -0.20071306 -0.10406432 -0.16505256 -0.09363152
 -0.16197    -0.19191274 -0.34651455 -0.17726351 -0.19003533 -0.18227806
 -0.17867773 -0.2879651  -0.27709876 -0.12545294 -0.179306   -0.13299735
 -0.15594541 -0.1671519  -0.20240214 -0.25614532 -0.17492299 -0.14783005
 -0.16450408 -0.14711935 -0.21735206 -0.09514019 -0.11230982 -0.3442164
 -0.14090105 -0.16373521 -0.19491256 -0.27880691 -0.19506536 -0.16029771
 -0.183803   -0.28201612 -0.15297018 -0.1173124  -0.1071782  -0.11583236
 -0.23799001 -0.15024273 -0.10029822 -0.1305089  -0.1398687  -0.12760915
 -0.09157045 -0.14894491 -0.12983551 -0.16079124 -0.20044291 -0.17082915
 -0.17943099 -0.13685097 -0.28393423 -0.09434758 -0.14431088 -0.2138726
 -0.14358833 -0.18573288 -0.1344364  -0.17756258 -0.32927938 -0.11204759
 -0.1339797  -0.19413195 -0.27804932 -0.12611002 -0.18920147 -0.10841204
 -0.15808274 -0.10791728 -0.14823618 -0.11079512 -0.14371735 -0.12571233]
[-0.55456994 -0.78024873 -0.49072801 -0.61423118 -0.32392923 -0.35920621
 -0.28423581 -0.30205938 -0.24166945 -0.22978066 -0.30793377 -0.22629598
 -0.203329   -0.19514779 -0.18491889 -0.30182241 -0.12908474 -0.23053519
 -0.2873242  -0.22840375 -0.17753633 -0.21146549 -0.26686189 -0.3021811
 -0.31972892 -0.26078982 -0.16206295 -0.28701952 -0.2104207  -0.16812323
 -0.24160623 -0.20186796 -0.17875389 -0.23320642 -0.18481505 -0.27493569
 -0.2112152  -0.14843339 -0.1566191  -0.23319067 -0.15456081 -0.2209916
 -0.1940955  -0.12096277 -0.12437663 -0.16359625 -0.20587653 -0.16890358
 -0.1460013  -0.14580852 -0.17703865 -0.16368421 -0.11355957 -0.11356703
 -0.22768925 -0.18601851 -0.28462731 -0.11826494 -0.12659515 -0.16237527
 -0.28634571 -0.1474104  -0.15464575 -0.1574091  -0.20899016 -0.19520448
 -0.15603318 -0.13709507 -0.11896748 -0.10098476 -0.1920295  -0.15774893
 -0.14589669 -0.19017099 -0.22391721 -0.18779144 -0.16281133 -0.15001059
 -0.15709445 -0.19981692 -0.254924   -0.18079556 -0.15433787 -0.1179836
 -0.11714638 -0.24475569 -0.21185573 -0.20822804 -0.24858199 -0.1265955
 -0.16318462 -0.16202516 -0.18966904 -0.37688867 -0.28532889 -0.3278913
 -0.30363809 -0.19931744 -0.33039553 -0.15692494 -0.17247852 -0.29715298
 -0.24280927 -0.25660521 -0.2246514  -0.37162736 -0.14064615 -0.13090489
 -0.15245582 -0.27347487 -0.18899371 -0.13977351 -0.20427735 -0.22326625
 -0.25477485 -0.12577288 -0.17702869 -0.14885788 -0.15749428 -0.14106375
 -0.12779458 -0.12850809 -0.13905961 -0.14752879 -0.16385306 -0.1536988
 -0.20121646 -0.18659217 -0.34076027 -0.19366731 -0.2173314  -0.30615378
 -0.15416491 -0.25356852 -0.16983357 -0.22926685 -0.18809761 -0.24145327
 -0.17979487 -0.15084036 -0.29944634 -0.13637387 -0.15611263 -0.11836451
 -0.14572721 -0.12210409 -0.11624499 -0.10111949 -0.15093491 -0.12897692]
[-0.56636817 -0.62256432 -0.38891978 -0.22298996 -0.31852311 -0.36004232
 -0.29024365 -0.82421894 -0.34177164 -0.46604947 -0.45379935 -0.33524219
 -0.34134803 -0.21953732 -0.21779672 -0.31755296 -0.20479911 -0.28823879
 -0.30194721 -0.19731134 -0.29776874 -0.28050216 -0.31736264 -0.28562543
 -0.1699052  -0.1520683  -0.16012874 -0.191079   -0.22229943 -0.21340906
 -0.1106497  -0.14522608 -0.11983993 -0.18339002 -0.14303998 -0.19442357
 -0.15784051 -0.14897856 -0.15479112 -0.2563224  -0.19151287 -0.19311315
 -0.21162989 -0.144401   -0.20917889 -0.1857973  -0.18974467 -0.16103967
 -0.15151821 -0.21826233 -0.2301367  -0.25135641 -0.15957757 -0.12387853
 -0.49540686 -0.13832086 -0.23320487 -0.11840412 -0.13289189 -0.18552726
 -0.25949337 -0.19156849 -0.12361109 -0.22070057 -0.20180846 -0.26935828
 -0.15867243 -0.17878847 -0.14443577 -0.14591255 -0.18290253 -0.09912249
 -0.12492957 -0.1819738  -0.15965905 -0.09842112 -0.14165521 -0.15777795
 -0.13710656 -0.19587489 -0.28146857 -0.13057965 -0.14706494 -0.14845785
 -0.11250736 -0.25532292 -0.16806159 -0.12248434 -0.19033267 -0.08311078
 -0.13843205 -0.1226749  -0.13848046 -0.28490403 -0.2388033  -0.13400619
 -0.17584476 -0.13109061 -0.29759456 -0.10204918 -0.12595934 -0.27031575
 -0.19638164 -0.17647168 -0.18579229 -0.30586941 -0.13932494 -0.11780505
 -0.11428724 -0.23947312 -0.2137648  -0.13171497 -0.15314826 -0.18677261
 -0.26709948 -0.13481673 -0.18312275 -0.14420029 -0.19994831 -0.13158095
 -0.101297   -0.14609805 -0.10472039 -0.12402877 -0.18166494 -0.18437883
 -0.22749564 -0.19274083 -0.33888792 -0.12668037 -0.16580732 -0.36348546
 -0.10269989 -0.13619106 -0.10740546 -0.10803661 -0.16515602 -0.10873584
 -0.14223304 -0.11889394 -0.26835817 -0.11478019 -0.22922822 -0.14787164
 -0.16535522 -0.15606753 -0.12258022 -0.16392342 -0.11906705 -0.1490662 ]
[-0.34608912 -0.53788669 -0.41101342 -0.28696525 -0.29802322 -0.27542935
 -0.2868541  -0.34229035 -0.22245139 -0.16660638 -0.26922525 -0.13934319
 -0.1221948  -0.17940391 -0.14511014 -0.1404666  -0.14546535 -0.18984654
 -0.16128815 -0.13251846 -0.17366925 -0.19013363 -0.30426424 -0.19566171
 -0.14481472 -0.15032897 -0.14416502 -0.19495152 -0.13047884 -0.13981996
 -0.11100274 -0.17375729 -0.11130898 -0.16404794 -0.16729452 -0.25490428
 -0.13870865 -0.14062752 -0.15799478 -0.26650525 -0.20173397 -0.13846451
 -0.22818965 -0.12480792 -0.13735369 -0.14839073 -0.1368604  -0.11562446
 -0.1315899  -0.15056381 -0.169707   -0.14431744 -0.12962626 -0.12016039
 -0.30082059 -0.13442214 -0.30356569 -0.14678642 -0.17915062 -0.2051548
 -0.33209377 -0.1466538  -0.17384253 -0.15083917 -0.17014665 -0.26152394
 -0.14402543 -0.19584025 -0.12770767 -0.14018297 -0.18660387 -0.1461117
 -0.16918737 -0.1715735  -0.20451935 -0.24544903 -0.24729577 -0.17870513
 -0.19518771 -0.26165165 -0.35939652 -0.15179162 -0.17247347 -0.20077182
 -0.1028231  -0.21784732 -0.36612867 -0.18495667 -0.19967645 -0.12151652
 -0.16345415 -0.1522526  -0.17932018 -0.24762037 -0.13933483 -0.13330822
 -0.1648772  -0.12280366 -0.29268619 -0.09317495 -0.09834073 -0.27525175
 -0.15306218 -0.21440496 -0.10730024 -0.20322583 -0.12681902 -0.11674243
 -0.12386005 -0.29505025 -0.15761376 -0.15030247 -0.16935314 -0.17169431
 -0.35697394 -0.10833058 -0.11225999 -0.202271   -0.09976422 -0.12288724
 -0.11113544 -0.1200298  -0.12346456 -0.13568559 -0.14529056 -0.09515043
 -0.1521464  -0.14543449 -0.25892898 -0.10582967 -0.15396192 -0.23097868
 -0.12158109 -0.13211315 -0.11667268 -0.1426262  -0.17635807 -0.11090952
 -0.13140932 -0.10638234 -0.2693776  -0.08440238 -0.10567707 -0.09082287
 -0.12943054 -0.12422325 -0.12371936 -0.09750787 -0.11547507 -0.12590407]
[-0.65354465 -0.52959675 -0.32768602 -0.46095318 -0.39111884 -0.40926162
 -0.32167627 -0.29392684 -0.24463711 -0.18828871 -0.3315723  -0.27438288
 -0.18938316 -0.23282278 -0.26280298 -0.34460392 -0.20874579 -0.35138999
 -0.29585221 -0.2395653  -0.21275234 -0.22715967 -0.4102264  -0.19241936
 -0.1894481  -0.19586022 -0.16963426 -0.18371704 -0.1854034  -0.18377859
 -0.13581214 -0.20510881 -0.2256627  -0.17759864 -0.24196185 -0.5381153
 -0.19768573 -0.23160455 -0.26117085 -0.33753821 -0.18871365 -0.15134365
 -0.18533342 -0.13496763 -0.15409016 -0.14637208 -0.21271517 -0.16139592
 -0.14590304 -0.17864881 -0.1664056  -0.18191064 -0.20292633 -0.12489888
 -0.2325522  -0.20617104 -0.2223671  -0.17664384 -0.18263275 -0.18965203
 -0.24305575 -0.17924292 -0.11905867 -0.25070393 -0.14882907 -0.23041421
 -0.10874079 -0.15329348 -0.14843914 -0.10237627 -0.18111025 -0.12987936
 -0.16347617 -0.16451934 -0.16191522 -0.14013108 -0.1335742  -0.10523507
 -0.14013322 -0.17132909 -0.22894687 -0.12177187 -0.15015891 -0.13413356
 -0.07189635 -0.25835501 -0.19703297 -0.14844667 -0.23165821 -0.11293067
 -0.17441485 -0.16943409 -0.14508553 -0.24817362 -0.17634037 -0.16649464
 -0.19311366 -0.19610564 -0.28670314 -0.12278153 -0.13725507 -0.35177773
 -0.14404804 -0.22889748 -0.13685805 -0.24377818 -0.16817591 -0.16444316
 -0.15808182 -0.17936972 -0.18381755 -0.1574724  -0.13487032 -0.17033311
 -0.23153645 -0.1332878  -0.12231353 -0.14437669 -0.16472327 -0.17228467
 -0.09261397 -0.14021176 -0.13844161 -0.19691181 -0.24517179 -0.18835
 -0.27457301 -0.11978351 -0.39825846 -0.16404439 -0.18957355 -0.27686335
 -0.16233626 -0.20068979 -0.16104478 -0.18159595 -0.22007374 -0.21045783
 -0.13608629 -0.19067815 -0.31874544 -0.15964699 -0.24877282 -0.15275437
 -0.1054107  -0.10901266 -0.17569685 -0.15563881 -0.14360423 -0.16391607]
[-0.68741782 -0.61193083 -0.37868741 -0.27587104 -0.32689552 -0.39394
 -0.30231923 -0.29632806 -0.19913901 -0.19525604 -0.31351115 -0.15064766
 -0.21558035 -0.24112905 -0.20172034 -0.27172144 -0.21391965 -0.19159394
 -0.19916556 -0.14342322 -0.2250467  -0.28110796 -0.38264097 -0.2005168
 -0.16232066 -0.22327492 -0.25513893 -0.14410598 -0.22912253 -0.13414729
 -0.12019532 -0.17117291 -0.14228459 -0.13778706 -0.23605655 -0.22493481
 -0.18986481 -0.1431758  -0.13476602 -0.24694362 -0.18486298 -0.14102393
 -0.17943234 -0.23604251 -0.28083292 -0.34478869 -0.30055421 -0.20322908
 -0.1425965  -0.31079124 -0.1595766  -0.27842504 -0.2324986  -0.19500059
 -0.27903495 -0.15875854 -0.31203155 -0.29601968 -0.21296151 -0.2967507
 -0.31816037 -0.17469951 -0.12578097 -0.2311292  -0.16691716 -0.20303536
 -0.13126655 -0.17944591 -0.13121724 -0.15115309 -0.16821726 -0.12515289
 -0.09427592 -0.14034905 -0.13381596 -0.1352981  -0.15662584 -0.11342411
 -0.14710053 -0.21752645 -0.32662454 -0.18218611 -0.16628765 -0.15680537
 -0.14925385 -0.42047791 -0.40516557 -0.23322101 -0.21355968 -0.16267301
 -0.12885727 -0.16686125 -0.13788258 -0.22600686 -0.19944207 -0.16725052
 -0.18071975 -0.12032004 -0.2141567  -0.11202387 -0.15840259 -0.3187599
 -0.11574945 -0.09841169 -0.1586843  -0.32034214 -0.11545549 -0.13505385
 -0.17787037 -0.25890245 -0.2019708  -0.19044958 -0.15241763 -0.15034584
 -0.32728025 -0.10913444 -0.13085807 -0.09377635 -0.16473631 -0.11207115
 -0.14699288 -0.10586877 -0.09352508 -0.15092987 -0.12489133 -0.11692249
 -0.14546234 -0.17606957 -0.29124844 -0.12827755 -0.11805038 -0.31022371
 -0.14684811 -0.24937906 -0.13831688 -0.08367576 -0.16446718 -0.13083041
 -0.15865123 -0.16563224 -0.47371977 -0.20117443 -0.21675539 -0.1511744
 -0.21636319 -0.37752957 -0.19102583 -0.26461291 -0.33634648 -0.32949494]
[-0.38175252 -0.4809356  -0.36957577 -0.27459809 -0.38311559 -0.40871836
 -0.30928896 -0.27429909 -0.24724843 -0.25120751 -0.25090516 -0.18988024
 -0.20899108 -0.20070925 -0.18638589 -0.22487313 -0.13307801 -0.17033816
 -0.26944483 -0.22101167 -0.26907435 -0.21846587 -0.26406012 -0.18937078
 -0.13001365 -0.11811395 -0.14958161 -0.22414441 -0.14832382 -0.1891845
 -0.11300238 -0.18776116 -0.12034012 -0.33973493 -0.20178607 -0.33416469
 -0.21802853 -0.14007643 -0.1677454  -0.42082071 -0.28706045 -0.17289877
 -0.21660626 -0.20758654 -0.16048423 -0.12165068 -0.19908769 -0.19806905
 -0.14618354 -0.21593361 -0.19629087 -0.1970059  -0.13295365 -0.13044069
 -0.40242428 -0.19031589 -0.2236022  -0.13303975 -0.13076584 -0.18866164
 -0.29407918 -0.12852304 -0.13261301 -0.13253112 -0.16768038 -0.2111727
 -0.22155243 -0.15350319 -0.12266188 -0.12391618 -0.17526442 -0.14621909
 -0.1589115  -0.13897237 -0.13812267 -0.16308246 -0.30722774 -0.16148615
 -0.17233848 -0.19981118 -0.28949342 -0.1296887  -0.14780502 -0.16599095
 -0.11532274 -0.23535362 -0.2221969  -0.14450824 -0.27008937 -0.12055864
 -0.13965995 -0.19539948 -0.1528375  -0.27371262 -0.22124171 -0.1375631
 -0.17998101 -0.11823655 -0.26198814 -0.18497044 -0.15673016 -0.41408921
 -0.1543753  -0.11769415 -0.1263367  -0.19058055 -0.11663918 -0.19315918
 -0.16066741 -0.22793684 -0.1709501  -0.174122   -0.15512322 -0.1672694
 -0.27475903 -0.13582659 -0.14280111 -0.17358025 -0.14567743 -0.16535621
 -0.11956672 -0.15041828 -0.15739305 -0.14652828 -0.17979633 -0.15340105
 -0.15980482 -0.1968867  -0.20708473 -0.11234751 -0.10895839 -0.2064206
 -0.1351453  -0.14020922 -0.11988272 -0.12727855 -0.13479824 -0.13632087
 -0.16244592 -0.12640093 -0.16128653 -0.0974007  -0.13373423 -0.10836033
 -0.17158558 -0.15600664 -0.15297944 -0.16360321 -0.14441486 -0.13061106]
