[44.264 47.668 62.07  26.097 33.794 21.126 30.194 19.981 19.936 17.418
 18.905 15.52  16.837 18.652 19.455 45.967 18.897 15.601 15.66  16.351
 14.476 15.826 16.137 15.218 16.158 14.403 16.661 15.246 13.557 13.913
 14.089 13.674 14.12  16.3   17.119 21.103 18.156 14.198 14.592 18.098
 14.156 13.786 15.865 15.265 13.708 17.286 19.76  19.717 29.327 20.594
 20.499 19.343 18.461 19.188 16.659 13.285 16.447 16.276 14.464 13.541
 15.056 13.772 14.68  14.273 13.817 13.539 13.86  13.193 15.07  14.647
 16.116 14.106 12.36  14.268 13.829 12.04  12.739 13.811 13.32  13.008
 14.746 10.721 12.428 12.708 12.358 12.331 12.735 13.763 13.298 13.447
 13.703 12.665 12.18  13.209 11.593 11.803 12.634 12.964 16.9   12.276
 12.576 15.    12.48  12.403 11.983 14.443 14.554 16.267 13.999 16.578
 12.675 12.227 11.072 11.646 13.891 13.222 11.274 12.144 12.301 15.837
 15.16  13.907 12.786 13.392 12.155 11.786 11.394 11.729 13.692 12.958
 12.851 13.746 12.175 12.101 11.578 12.594 13.319 12.65  12.763 13.531
 13.809 12.559 12.772 13.226 14.04  14.299 12.405 11.667 11.95  11.115]
[35.679 31.938 27.392 25.96  21.223 21.567 24.307 22.876 17.959 18.927
 17.488 18.452 13.786 17.28  15.224 16.4   14.4   16.749 15.187 14.73
 15.931 17.016 19.013 15.907 17.111 19.086 15.768 16.329 15.953 14.948
 15.12  16.316 15.135 14.026 16.875 17.93  19.982 15.128 15.685 19.05
 16.104 15.006 16.465 16.323 15.052 17.015 15.203 15.837 15.383 18.041
 19.029 19.19  18.783 18.865 19.312 17.577 22.36  18.991 19.767 18.417
 20.795 16.947 15.406 16.254 19.365 19.969 16.526 19.322 19.188 19.118
 17.703 17.387 18.981 20.775 17.134 19.413 16.308 17.485 17.465 17.805
 19.209 14.595 15.131 20.05  15.779 16.159 16.791 16.819 15.879 14.681
 13.967 15.477 13.582 14.641 15.055 14.744 14.553 14.83  17.366 12.275
 12.648 22.835 12.346 13.759 13.538 14.545 14.117 14.717 12.809 15.47
 13.716 14.08  12.077 13.497 15.896 13.988 12.774 13.592 15.338 14.836
 13.56  12.149 14.059 14.    14.146 15.504 13.922 15.653 16.48  15.194
 14.541 16.698 12.948 12.454 13.46  13.693 14.119 11.777 13.191 11.921
 16.966 13.861 11.711 12.295 14.062 13.678 13.801 12.207 12.413 13.325]
[28.744 35.602 33.296 29.605 20.296 22.251 25.256 22.174 23.469 17.414
 20.409 17.511 17.996 18.626 16.944 18.357 17.697 17.222 14.927 15.283
 15.801 15.885 17.677 15.119 16.996 15.28  14.741 17.332 16.358 16.455
 14.997 15.405 12.347 11.898 13.461 15.941 13.51  12.885 13.203 15.765
 16.078 15.557 14.036 15.791 13.348 19.872 15.816 14.657 16.077 14.21
 15.577 14.093 13.643 15.359 19.159 13.584 16.284 15.882 15.527 14.436
 15.846 14.564 15.772 16.324 15.216 15.386 15.209 14.593 15.713 15.777
 16.391 17.212 18.693 17.667 20.063 16.269 19.134 14.604 15.025 13.345
 16.483 14.43  12.198 12.903 13.069 14.245 16.445 14.93  13.624 11.506
 14.381 13.696 12.934 13.509 13.135 12.708 15.224 15.263 15.991 13.226
 13.557 18.54  14.892 17.239 15.939 15.823 15.936 13.1   14.675 14.942
 13.404 16.8   14.178 14.135 16.12  13.936 12.304 15.205 14.702 13.25
 14.367 13.595 12.832 13.697 13.811 16.4   16.266 15.824 18.607 13.311
 14.096 18.456 14.11  15.141 15.302 14.085 16.474 16.567 14.382 18.435
 18.027 17.196 18.113 20.595 25.793 16.24  14.964 16.177 14.253 16.222]
[36.595 26.267 24.641 22.647 23.667 20.584 27.727 19.502 24.443 20.07
 18.358 16.368 16.198 18.893 17.44  16.506 17.484 19.284 17.885 14.494
 15.612 18.145 21.775 18.285 17.557 15.283 13.967 17.097 15.364 23.693
 19.699 18.076 14.772 14.503 15.565 17.056 19.784 22.822 15.941 15.857
 18.35  16.19  16.539 17.419 16.291 19.084 16.743 15.202 16.583 17.422
 15.115 15.222 13.544 15.475 14.355 12.649 16.137 13.005 14.732 15.534
 15.195 15.761 15.26  12.544 13.159 14.867 14.88  14.882 17.007 15.194
 14.224 12.238 13.296 15.005 12.703 13.344 13.333 12.631 13.341 13.843
 15.564 12.847 12.538 14.577 15.809 15.043 15.571 13.755 14.185 12.829
 13.571 13.912 13.893 15.022 12.975 12.975 14.749 14.304 17.743 11.771
 13.853 15.934 13.518 14.061 14.935 15.008 13.762 14.849 14.959 14.023
 11.76  12.873 11.188 12.241 13.688 12.823 11.621 13.416 11.64  13.438
 12.151 12.779 13.54  13.675 13.884 15.818 13.863 13.397 15.094 13.203
 14.294 15.146 14.195 12.776 14.263 16.756 14.964 13.485 13.029 14.566
 14.492 15.468 13.327 14.029 15.781 13.8   12.999 12.52  12.584 11.261]
[28.981 29.7   41.997 26.733 24.668 21.407 19.882 22.053 19.707 19.432
 17.215 16.597 16.614 15.826 16.19  16.06  14.393 16.529 17.866 15.676
 14.821 15.175 16.528 17.166 17.729 17.632 15.288 17.758 14.202 15.389
 15.837 15.661 15.247 14.558 15.663 17.091 15.496 13.147 13.507 15.577
 15.25  14.702 16.071 13.659 14.498 15.737 15.343 13.575 15.631 13.313
 14.55  13.33  12.475 15.551 16.064 14.152 14.525 12.845 13.066 14.628
 16.673 15.034 13.078 13.165 13.967 14.148 13.25  11.218 13.001 13.202
 15.32  14.627 14.274 15.533 14.723 13.654 14.494 13.525 14.512 13.032
 15.483 13.467 12.641 13.255 14.738 16.794 14.401 16.761 15.522 15.821
 16.783 14.823 15.002 18.266 16.82  17.737 18.978 15.337 19.809 14.795
 16.433 17.263 17.364 18.206 15.635 15.482 13.633 13.928 13.581 15.203
 13.574 13.806 14.752 15.344 16.078 14.661 12.537 11.758 12.872 14.543
 13.072 11.888 13.341 13.308 13.479 14.497 14.469 14.258 14.545 15.668
 15.507 16.262 15.658 14.773 15.065 15.936 15.235 15.404 14.204 13.321
 16.939 13.989 13.327 13.489 14.663 13.88  12.51  11.952 12.478 12.877]
[39.579 30.502 29.929 24.232 26.516 25.589 26.088 96.217 27.153 40.933
 54.454 24.659 24.163 22.146 18.81  19.41  16.191 17.071 18.147 14.944
 16.577 23.216 17.539 18.579 13.797 15.599 14.011 15.476 14.674 14.165
 12.109 13.362 12.705 13.865 13.306 14.689 15.468 13.376 11.915 14.35
 15.39  13.588 17.562 16.752 13.269 13.672 14.02  14.409 14.568 13.45
 16.197 17.503 13.954 14.421 16.748 12.938 14.359 13.384 12.643 13.893
 16.798 14.106 13.732 15.348 15.76  14.108 17.07  13.897 14.697 13.862
 15.438 12.158 12.318 14.397 12.716 12.062 11.669 12.982 12.562 12.969
 15.037 12.234 11.772 12.607 13.068 14.615 13.347 12.985 13.332 11.377
 12.916 13.835 12.194 13.863 14.174 13.053 13.924 13.019 16.963 13.412
 14.278 14.788 14.58  14.474 17.116 17.436 13.744 13.308 13.263 14.56
 12.185 14.144 13.539 13.858 16.106 13.433 13.96  13.821 13.273 13.279
 12.793 12.33  12.702 14.072 15.67  14.743 15.428 14.86  16.433 14.558
 16.639 18.333 14.882 12.804 13.35  11.777 14.932 12.725 13.979 12.949
 15.24  14.435 13.243 13.73  13.248 13.39  13.806 13.296 12.679 12.918]
[28.466 31.516 25.559 28.212 19.741 19.937 22.041 17.926 24.082 15.977
 19.273 16.29  15.142 14.425 15.947 14.271 13.49  13.879 13.146 12.772
 13.031 14.621 16.178 13.9   14.101 14.396 13.507 14.128 13.81  12.095
 12.257 13.711 12.17  12.844 15.279 16.36  15.964 13.506 13.19  17.094
 14.213 14.892 17.098 13.45  12.75  13.729 13.512 13.967 14.415 12.758
 14.013 12.717 11.708 15.519 16.854 15.04  17.606 15.611 17.789 15.88
 18.751 14.547 14.266 14.367 15.756 18.114 16.839 15.168 15.382 16.022
 16.39  15.837 14.573 15.641 15.731 16.694 16.927 16.809 17.    15.192
 20.677 17.19  14.099 15.518 13.807 16.869 33.241 15.928 18.052 13.316
 13.766 14.201 13.654 15.269 13.024 13.026 13.873 13.445 19.738 12.362
 14.132 16.344 13.089 14.426 12.782 14.317 12.3   13.966 14.015 16.173
 12.405 13.946 12.587 14.763 17.604 15.239 13.602 13.997 12.092 14.087
 13.627 12.542 12.93  14.856 11.951 13.048 12.964 13.088 15.564 13.783
 13.715 19.384 12.418 11.153 13.942 13.671 14.067 12.129 12.219 11.616
 15.456 11.974 11.544 13.37  13.536 12.939 12.364 13.093 12.59  13.16 ]
[45.606 35.884 26.    42.561 24.976 20.214 21.102 15.772 17.286 17.816
 19.902 17.445 16.553 16.709 20.823 18.454 17.111 16.764 19.668 15.596
 14.827 14.663 16.86  15.816 14.644 14.981 14.143 15.188 15.444 17.106
 14.973 16.508 15.979 16.436 18.621 17.385 17.404 19.313 19.095 18.99
 15.135 14.219 14.517 14.654 13.683 13.805 15.926 15.248 13.976 14.582
 15.645 13.847 13.887 14.543 15.808 14.454 14.987 14.905 15.225 16.656
 16.605 14.988 14.07  14.491 13.967 15.784 13.774 12.775 14.623 12.908
 14.747 14.534 13.719 15.142 12.071 13.654 14.035 14.206 14.234 15.775
 18.756 14.45  15.539 14.994 14.161 17.071 14.969 16.735 15.798 14.108
 13.804 14.346 12.605 15.298 13.673 13.34  16.478 17.639 19.443 14.165
 15.079 17.257 14.815 14.933 13.839 15.059 12.846 13.39  13.562 13.654
 14.306 12.569 12.148 12.91  14.88  14.113 14.223 13.236 13.193 14.066
 12.466 12.379 14.611 16.137 15.865 17.309 16.753 15.823 19.204 14.872
 15.079 22.205 16.259 14.573 15.561 14.625 15.714 14.882 14.604 15.093
 16.913 16.079 14.991 15.635 14.757 14.283 13.438 14.322 13.324 12.527]
[40.126 37.729 61.919 22.766 26.64  21.268 24.286 20.064 18.691 18.505
 18.823 16.537 17.688 15.414 19.201 18.968 15.675 15.126 15.792 18.698
 19.115 20.529 22.666 15.636 17.37  20.897 21.024 14.38  15.532 16.306
 15.145 15.169 14.753 14.88  16.849 16.019 15.508 13.889 12.982 16.52
 14.398 13.377 17.955 16.749 23.492 21.006 18.391 16.358 15.494 15.391
 15.554 18.939 16.11  17.629 16.755 13.865 17.806 26.829 20.43  17.789
 16.019 13.975 13.986 13.996 13.803 14.332 13.473 12.942 13.491 14.065
 13.218 11.806 12.425 14.032 12.24  13.029 13.412 14.18  15.081 15.801
 17.679 14.92  13.456 13.973 18.314 18.675 19.217 17.899 15.52  14.62
 13.002 15.449 12.549 14.057 14.113 13.237 14.089 15.505 18.179 12.885
 14.73  17.097 12.313 13.06  13.281 15.773 12.991 13.717 15.562 15.259
 13.725 14.636 13.15  14.226 16.616 13.731 13.645 13.564 12.184 13.343
 11.613 12.461 13.047 14.329 13.084 13.211 13.607 14.842 17.602 14.368
 16.155 17.818 17.061 15.739 14.124 11.859 14.151 16.332 14.734 17.603
 28.273 17.825 17.025 18.486 28.172 38.661 21.733 20.158 22.224 22.05 ]
[38.581 27.703 19.868 28.348 20.795 18.008 19.428 17.2   17.297 14.948
 19.266 15.791 15.861 13.358 15.734 15.065 13.113 14.006 13.498 13.518
 13.648 13.875 15.019 16.066 13.947 13.126 12.624 15.246 13.891 14.556
 13.465 14.786 12.785 16.733 13.57  18.211 15.38  14.083 16.667 21.709
 21.1   14.368 15.115 16.656 13.707 12.252 16.488 17.495 16.311 13.995
 13.323 13.249 12.443 15.455 21.279 13.192 15.664 13.285 14.039 14.046
 14.538 14.078 12.22  12.043 13.914 14.171 13.07  13.326 14.038 13.611
 13.353 12.467 12.947 13.302 12.452 13.724 14.825 14.427 14.739 14.257
 15.413 13.065 13.346 14.551 14.487 14.782 15.777 14.978 13.711 13.903
 14.584 15.075 12.651 13.634 12.721 13.142 14.324 13.783 17.171 14.204
 14.888 15.122 14.189 13.137 13.472 14.026 12.948 13.574 13.675 13.781
 13.519 12.434 13.405 13.605 15.083 14.116 13.978 11.629 12.023 13.485
 13.588 12.391 11.717 13.184 13.593 12.937 12.689 13.576 12.402 11.769
 12.472 14.628 13.311 11.47  13.219 12.316 11.949 13.234 12.448 12.954
 12.661 13.832 12.341 12.433 14.595 14.912 13.998 12.893 12.682 12.539]
