[ 8.19703704  8.82740741 11.49444444  4.83277778  6.25814815  3.91222222
  5.59148148  3.70018519  3.69185185  3.22555556  3.50092593  2.87407407
  3.11796296  3.45407407  3.60277778  8.51240741  3.49944444  2.88907407
  2.9         3.02796296  2.68074074  2.93074074  2.98833333  2.81814815
  2.99222222  2.66722222  3.08537037  2.82333333  2.51055556  2.57648148
  2.60907407  2.53222222  2.61481481  3.01851852  3.17018519  3.90796296
  3.36222222  2.62925926  2.70222222  3.35148148  2.62148148  2.55296296
  2.93796296  2.82685185  2.53851852  3.20111111  3.65925926  3.6512963
  5.43092593  3.8137037   3.79611111  3.58203704  3.4187037   3.55333333
  3.085       2.46018519  3.04574074  3.01407407  2.67851852  2.50759259
  2.78814815  2.55037037  2.71851852  2.64314815  2.5587037   2.50722222
  2.56666667  2.44314815  2.79074074  2.71240741  2.98444444  2.61222222
  2.28888889  2.64222222  2.56092593  2.22962963  2.35907407  2.55759259
  2.46666667  2.40888889  2.73074074  1.98537037  2.30148148  2.35333333
  2.28851852  2.28351852  2.35833333  2.5487037   2.46259259  2.49018519
  2.53759259  2.34537037  2.25555556  2.44611111  2.14685185  2.18574074
  2.33962963  2.40074074  3.12962963  2.27333333  2.32888889  2.77777778
  2.31111111  2.29685185  2.21907407  2.67462963  2.69518519  3.01240741
  2.59240741  3.07        2.34722222  2.26425926  2.05037037  2.15666667
  2.57240741  2.44851852  2.08777778  2.24888889  2.27796296  2.93277778
  2.80740741  2.57537037  2.36777778  2.48        2.25092593  2.18259259
  2.11        2.17203704  2.53555556  2.39962963  2.37981481  2.54555556
  2.25462963  2.24092593  2.14407407  2.33222222  2.46648148  2.34259259
  2.36351852  2.50574074  2.55722222  2.32574074  2.36518519  2.44925926
  2.6         2.64796296  2.29722222  2.16055556  2.21296296  2.05833333]
[6.60722222 5.91444444 5.07259259 4.80740741 3.93018519 3.99388889
 4.5012963  4.2362963  3.32574074 3.505      3.23851852 3.41703704
 2.55296296 3.2        2.81925926 3.03703704 2.66666667 3.10166667
 2.81240741 2.72777778 2.95018519 3.15111111 3.52092593 2.94574074
 3.1687037  3.53444444 2.92       3.02388889 2.95425926 2.76814815
 2.8        3.02148148 2.80277778 2.59740741 3.125      3.32037037
 3.70037037 2.80148148 2.90462963 3.52777778 2.98222222 2.77888889
 3.04907407 3.02277778 2.78740741 3.15092593 2.81537037 2.93277778
 2.8487037  3.34092593 3.52388889 3.5537037  3.47833333 3.49351852
 3.5762963  3.255      4.14074074 3.51685185 3.66055556 3.41055556
 3.85092593 3.13833333 2.85296296 3.01       3.58611111 3.69796296
 3.06037037 3.57814815 3.55333333 3.54037037 3.27833333 3.21981481
 3.515      3.84722222 3.17296296 3.595      3.02       3.23796296
 3.23425926 3.29722222 3.55722222 2.70277778 2.80203704 3.71296296
 2.92203704 2.99240741 3.10944444 3.11462963 2.94055556 2.7187037
 2.58648148 2.86611111 2.51518519 2.7112963  2.78796296 2.73037037
 2.695      2.7462963  3.21592593 2.27314815 2.34222222 4.2287037
 2.2862963  2.54796296 2.50703704 2.69351852 2.61425926 2.72537037
 2.37203704 2.86481481 2.54       2.60740741 2.23648148 2.49944444
 2.9437037  2.59037037 2.36555556 2.51703704 2.84037037 2.74740741
 2.51111111 2.24981481 2.60351852 2.59259259 2.61962963 2.87111111
 2.57814815 2.8987037  3.05185185 2.8137037  2.69277778 3.09222222
 2.39777778 2.3062963  2.49259259 2.53574074 2.61462963 2.18092593
 2.44277778 2.20759259 3.14185185 2.56685185 2.1687037  2.27685185
 2.60407407 2.53296296 2.55574074 2.26055556 2.2987037  2.46759259]
[5.32296296 6.59296296 6.16592593 5.48240741 3.75851852 4.12055556
 4.67703704 4.1062963  4.34611111 3.22481481 3.77944444 3.24277778
 3.33259259 3.44925926 3.13777778 3.39944444 3.27722222 3.18925926
 2.76425926 2.83018519 2.92611111 2.94166667 3.27351852 2.79981481
 3.14740741 2.82962963 2.72981481 3.20962963 3.02925926 3.04722222
 2.77722222 2.85277778 2.28648148 2.20333333 2.49277778 2.95203704
 2.50185185 2.38611111 2.445      2.91944444 2.97740741 2.88092593
 2.59925926 2.92425926 2.47185185 3.68       2.92888889 2.71425926
 2.97722222 2.63148148 2.88462963 2.60981481 2.52648148 2.84425926
 3.54796296 2.51555556 3.01555556 2.94111111 2.87537037 2.67333333
 2.93444444 2.69703704 2.92074074 3.02296296 2.81777778 2.84925926
 2.81648148 2.70240741 2.90981481 2.92166667 3.03537037 3.18740741
 3.46166667 3.27166667 3.71537037 3.01277778 3.54333333 2.70444444
 2.78240741 2.4712963  3.05240741 2.67222222 2.25888889 2.38944444
 2.42018519 2.63796296 3.04537037 2.76481481 2.52296296 2.13074074
 2.66314815 2.5362963  2.39518519 2.50166667 2.43240741 2.35333333
 2.81925926 2.82648148 2.9612963  2.44925926 2.51055556 3.43333333
 2.75777778 3.19240741 2.95166667 2.93018519 2.95111111 2.42592593
 2.71759259 2.76703704 2.48222222 3.11111111 2.62555556 2.61759259
 2.98518519 2.58074074 2.27851852 2.81574074 2.72259259 2.4537037
 2.66055556 2.51759259 2.3762963  2.53648148 2.55759259 3.03703704
 3.01222222 2.93037037 3.44574074 2.465      2.61037037 3.41777778
 2.61296296 2.80388889 2.8337037  2.60833333 3.05074074 3.06796296
 2.66333333 3.41388889 3.33833333 3.18444444 3.35425926 3.81388889
 4.77648148 3.00740741 2.77111111 2.99574074 2.63944444 3.00407407]
[6.77685185 4.86425926 4.56314815 4.19388889 4.38277778 3.81185185
 5.13462963 3.61148148 4.52648148 3.71666667 3.39962963 3.03111111
 2.99962963 3.4987037  3.22962963 3.05666667 3.23777778 3.57111111
 3.31203704 2.68407407 2.89111111 3.36018519 4.03240741 3.38611111
 3.2512963  2.83018519 2.58648148 3.16611111 2.84518519 4.38759259
 3.64796296 3.34740741 2.73555556 2.68574074 2.88240741 3.15851852
 3.6637037  4.2262963  2.95203704 2.93648148 3.39814815 2.99814815
 3.06277778 3.22574074 3.01685185 3.53407407 3.10055556 2.81518519
 3.07092593 3.2262963  2.79907407 2.81888889 2.50814815 2.86574074
 2.65833333 2.34240741 2.98833333 2.40833333 2.72814815 2.87666667
 2.81388889 2.9187037  2.82592593 2.32296296 2.43685185 2.75314815
 2.75555556 2.75592593 3.14944444 2.8137037  2.63407407 2.2662963
 2.46222222 2.7787037  2.35240741 2.47111111 2.46907407 2.33907407
 2.47055556 2.56351852 2.88222222 2.37907407 2.32185185 2.69944444
 2.92759259 2.78574074 2.88351852 2.54722222 2.62685185 2.37574074
 2.51314815 2.5762963  2.57277778 2.78185185 2.40277778 2.40277778
 2.7312963  2.64888889 3.28574074 2.17981481 2.56537037 2.95074074
 2.50333333 2.60388889 2.76574074 2.77925926 2.54851852 2.74981481
 2.77018519 2.59685185 2.17777778 2.38388889 2.07185185 2.26685185
 2.53481481 2.37462963 2.15203704 2.48444444 2.15555556 2.48851852
 2.25018519 2.36648148 2.50740741 2.53240741 2.57111111 2.92925926
 2.56722222 2.48092593 2.79518519 2.445      2.64703704 2.80481481
 2.6287037  2.36592593 2.6412963  3.10296296 2.77111111 2.49722222
 2.41277778 2.69740741 2.6837037  2.86444444 2.46796296 2.59796296
 2.92240741 2.55555556 2.40722222 2.31851852 2.33037037 2.08537037]
[5.36685185 5.5        7.77722222 4.95055556 4.56814815 3.96425926
 3.68185185 4.08388889 3.64944444 3.59851852 3.18796296 3.07351852
 3.07666667 2.93074074 2.99814815 2.97407407 2.66537037 3.06092593
 3.30851852 2.90296296 2.74462963 2.81018519 3.06074074 3.17888889
 3.28314815 3.26518519 2.83111111 3.28851852 2.63       2.84981481
 2.93277778 2.90018519 2.82351852 2.69592593 2.90055556 3.165
 2.86962963 2.43462963 2.5012963  2.88462963 2.82407407 2.72259259
 2.97611111 2.52944444 2.68481481 2.91425926 2.8412963  2.51388889
 2.89462963 2.46537037 2.69444444 2.46851852 2.31018519 2.87981481
 2.97481481 2.62074074 2.68981481 2.3787037  2.41962963 2.70888889
 3.08759259 2.78407407 2.42185185 2.43796296 2.58648148 2.62
 2.4537037  2.07740741 2.40759259 2.44481481 2.83703704 2.7087037
 2.64333333 2.87648148 2.72648148 2.52851852 2.68407407 2.50462963
 2.68740741 2.41333333 2.86722222 2.49388889 2.34092593 2.45462963
 2.72925926 3.11       2.66685185 3.10388889 2.87444444 2.92981481
 3.10796296 2.745      2.77814815 3.38259259 3.11481481 3.28462963
 3.51444444 2.84018519 3.66833333 2.73981481 3.04314815 3.19685185
 3.21555556 3.37148148 2.89537037 2.86703704 2.52462963 2.57925926
 2.515      2.81537037 2.5137037  2.55666667 2.73185185 2.84148148
 2.97740741 2.715      2.32166667 2.17740741 2.3837037  2.69314815
 2.42074074 2.20148148 2.47055556 2.46444444 2.49611111 2.68462963
 2.67944444 2.64037037 2.69351852 2.90148148 2.87166667 3.01148148
 2.89962963 2.73574074 2.78981481 2.95111111 2.8212963  2.85259259
 2.63037037 2.46685185 3.13685185 2.59055556 2.46796296 2.49796296
 2.71537037 2.57037037 2.31666667 2.21333333 2.31074074 2.38462963]
[ 7.32944444  5.64851852  5.54240741  4.48740741  4.91037037  4.7387037
  4.83111111 17.81796296  5.02833333  7.58018519 10.08407407  4.56648148
  4.47462963  4.10111111  3.48333333  3.59444444  2.99833333  3.1612963
  3.36055556  2.76740741  3.06981481  4.29925926  3.24796296  3.44055556
  2.555       2.8887037   2.59462963  2.86592593  2.71740741  2.62314815
  2.24240741  2.47444444  2.35277778  2.56759259  2.46407407  2.72018519
  2.86444444  2.47703704  2.20648148  2.65740741  2.85        2.5162963
  3.25222222  3.10222222  2.45722222  2.53185185  2.5962963   2.66833333
  2.69777778  2.49074074  2.99944444  3.2412963   2.58407407  2.67055556
  3.10148148  2.39592593  2.65907407  2.47851852  2.3412963   2.57277778
  3.11074074  2.61222222  2.54296296  2.84222222  2.91851852  2.61259259
  3.16111111  2.57351852  2.72166667  2.56703704  2.85888889  2.25148148
  2.28111111  2.66611111  2.35481481  2.2337037   2.16092593  2.40407407
  2.3262963   2.40166667  2.78462963  2.26555556  2.18        2.33462963
  2.42        2.70648148  2.47166667  2.40462963  2.46888889  2.10685185
  2.39185185  2.56203704  2.25814815  2.56722222  2.62481481  2.41722222
  2.57851852  2.41092593  3.1412963   2.4837037   2.64407407  2.73851852
  2.7         2.68037037  3.16962963  3.22888889  2.54518519  2.46444444
  2.45611111  2.6962963   2.25648148  2.61925926  2.50722222  2.5662963
  2.98259259  2.48759259  2.58518519  2.55944444  2.45796296  2.45907407
  2.36907407  2.28333333  2.35222222  2.60592593  2.90185185  2.73018519
  2.85703704  2.75185185  3.04314815  2.69592593  3.0812963   3.395
  2.75592593  2.37111111  2.47222222  2.18092593  2.76518519  2.35648148
  2.5887037   2.39796296  2.82222222  2.67314815  2.45240741  2.54259259
  2.45333333  2.47962963  2.55666667  2.46222222  2.34796296  2.39222222]
[5.27148148 5.8362963  4.73314815 5.22444444 3.65574074 3.69203704
 4.08166667 3.31962963 4.45962963 2.9587037  3.56907407 3.01666667
 2.80407407 2.6712963  2.95314815 2.64277778 2.49814815 2.57018519
 2.43444444 2.36518519 2.41314815 2.70759259 2.99592593 2.57407407
 2.6112963  2.66592593 2.5012963  2.6162963  2.55740741 2.23981481
 2.26981481 2.53907407 2.2537037  2.37851852 2.82944444 3.02962963
 2.9562963  2.50111111 2.44259259 3.16555556 2.63203704 2.75777778
 3.1662963  2.49074074 2.36111111 2.54240741 2.50222222 2.58648148
 2.66944444 2.36259259 2.595      2.355      2.16814815 2.87388889
 3.12111111 2.78518519 3.26037037 2.89092593 3.29425926 2.94074074
 3.47240741 2.69388889 2.64185185 2.66055556 2.91777778 3.35444444
 3.11833333 2.80888889 2.84851852 2.96703704 3.03518519 2.93277778
 2.6987037  2.89648148 2.91314815 3.09148148 3.13462963 3.11277778
 3.14814815 2.81333333 3.82907407 3.18333333 2.61092593 2.8737037
 2.55685185 3.12388889 6.15574074 2.94962963 3.34296296 2.46592593
 2.54925926 2.62981481 2.52851852 2.82759259 2.41185185 2.41222222
 2.56907407 2.48981481 3.65518519 2.28925926 2.61703704 3.02666667
 2.42388889 2.67148148 2.36703704 2.6512963  2.27777778 2.5862963
 2.59537037 2.995      2.29722222 2.58259259 2.33092593 2.73388889
 3.26       2.82203704 2.51888889 2.59203704 2.23925926 2.6087037
 2.52351852 2.32259259 2.39444444 2.75111111 2.21314815 2.4162963
 2.40074074 2.4237037  2.88222222 2.55240741 2.53981481 3.58962963
 2.29962963 2.06537037 2.58185185 2.53166667 2.605      2.24611111
 2.26277778 2.15111111 2.86222222 2.21740741 2.13777778 2.47592593
 2.50666667 2.39611111 2.28962963 2.42462963 2.33148148 2.43703704]
[8.44555556 6.64518519 4.81481481 7.88166667 4.62518519 3.74333333
 3.90777778 2.92074074 3.20111111 3.29925926 3.68555556 3.23055556
 3.06537037 3.09425926 3.85611111 3.41740741 3.1687037  3.10444444
 3.64222222 2.88814815 2.74574074 2.71537037 3.12222222 2.92888889
 2.71185185 2.77425926 2.61907407 2.81259259 2.86       3.16777778
 2.77277778 3.05703704 2.95907407 3.0437037  3.44833333 3.21944444
 3.22296296 3.57648148 3.53611111 3.51666667 2.80277778 2.63314815
 2.68833333 2.7137037  2.53388889 2.55648148 2.94925926 2.8237037
 2.58814815 2.70037037 2.89722222 2.56425926 2.57166667 2.69314815
 2.92740741 2.67666667 2.77537037 2.76018519 2.81944444 3.08444444
 3.075      2.77555556 2.60555556 2.68351852 2.58648148 2.92296296
 2.55074074 2.36574074 2.70796296 2.39037037 2.73092593 2.69148148
 2.54055556 2.80407407 2.23537037 2.52851852 2.59907407 2.63074074
 2.63592593 2.9212963  3.47333333 2.67592593 2.87759259 2.77666667
 2.62240741 3.1612963  2.77203704 3.09907407 2.92555556 2.61259259
 2.5562963  2.65666667 2.33425926 2.83296296 2.53203704 2.47037037
 3.05148148 3.26648148 3.60055556 2.62314815 2.79240741 3.19574074
 2.74351852 2.76537037 2.56277778 2.7887037  2.37888889 2.47962963
 2.51148148 2.52851852 2.64925926 2.32759259 2.24962963 2.39074074
 2.75555556 2.61351852 2.63388889 2.45111111 2.44314815 2.60481481
 2.30851852 2.29240741 2.70574074 2.98833333 2.93796296 3.20537037
 3.10240741 2.93018519 3.5562963  2.75407407 2.79240741 4.11203704
 3.01092593 2.6987037  2.88166667 2.70833333 2.91       2.75592593
 2.70444444 2.795      3.13203704 2.97759259 2.77611111 2.89537037
 2.73277778 2.645      2.48851852 2.65222222 2.46740741 2.31981481]
[ 7.43074074  6.98685185 11.46648148  4.21592593  4.93333333  3.93851852
  4.49740741  3.71555556  3.4612963   3.42685185  3.48574074  3.06240741
  3.27555556  2.85444444  3.55574074  3.51259259  2.90277778  2.80111111
  2.92444444  3.46259259  3.53981481  3.80166667  4.19740741  2.89555556
  3.21666667  3.86981481  3.89333333  2.66296296  2.8762963   3.01962963
  2.80462963  2.80907407  2.73203704  2.75555556  3.12018519  2.96648148
  2.87185185  2.57203704  2.40407407  3.05925926  2.6662963   2.47722222
  3.325       3.10166667  4.35037037  3.89        3.40574074  3.02925926
  2.86925926  2.85018519  2.88037037  3.50722222  2.98333333  3.26462963
  3.10277778  2.56759259  3.29740741  4.96833333  3.78333333  3.29425926
  2.96648148  2.58796296  2.59        2.59185185  2.55611111  2.65407407
  2.495       2.39666667  2.49833333  2.60462963  2.44777778  2.1862963
  2.30092593  2.59851852  2.26666667  2.41277778  2.4837037   2.62592593
  2.79277778  2.92611111  3.27388889  2.76296296  2.49185185  2.58759259
  3.39148148  3.45833333  3.5587037   3.31462963  2.87407407  2.70740741
  2.40777778  2.86092593  2.32388889  2.60314815  2.61351852  2.4512963
  2.60907407  2.8712963   3.36648148  2.38611111  2.72777778  3.16611111
  2.28018519  2.41851852  2.45944444  2.92092593  2.40574074  2.54018519
  2.88185185  2.82574074  2.54166667  2.71037037  2.43518519  2.63444444
  3.07703704  2.54277778  2.52685185  2.51185185  2.2562963   2.47092593
  2.15055556  2.30759259  2.41611111  2.65351852  2.42296296  2.44648148
  2.51981481  2.74851852  3.25962963  2.66074074  2.99166667  3.29962963
  3.15944444  2.91462963  2.61555556  2.19611111  2.62055556  3.02444444
  2.72851852  3.25981481  5.23574074  3.30092593  3.15277778  3.42333333
  5.21703704  7.15944444  4.02462963  3.73296296  4.11555556  4.08333333]
[7.14462963 5.13018519 3.67925926 5.24962963 3.85092593 3.33481481
 3.59777778 3.18518519 3.20314815 2.76814815 3.56777778 2.92425926
 2.93722222 2.4737037  2.9137037  2.78981481 2.42833333 2.5937037
 2.49962963 2.50333333 2.52740741 2.56944444 2.7812963  2.97518519
 2.58277778 2.43074074 2.33777778 2.82333333 2.57240741 2.69555556
 2.49351852 2.73814815 2.36759259 3.0987037  2.51296296 3.37240741
 2.84814815 2.60796296 3.08648148 4.02018519 3.90740741 2.66074074
 2.79907407 3.08444444 2.53833333 2.26888889 3.05333333 3.23981481
 3.02055556 2.59166667 2.46722222 2.45351852 2.30425926 2.86203704
 3.94055556 2.44296296 2.90074074 2.46018519 2.59981481 2.60111111
 2.69222222 2.60703704 2.26296296 2.23018519 2.57666667 2.62425926
 2.42037037 2.46777778 2.59962963 2.52055556 2.47277778 2.3087037
 2.39759259 2.46333333 2.30592593 2.54148148 2.74537037 2.67166667
 2.72944444 2.64018519 2.85425926 2.41944444 2.47148148 2.69462963
 2.68277778 2.73740741 2.92166667 2.7737037  2.53907407 2.57462963
 2.70074074 2.79166667 2.34277778 2.52481481 2.35574074 2.4337037
 2.65259259 2.55240741 3.17981481 2.63037037 2.75703704 2.80037037
 2.62759259 2.43277778 2.49481481 2.59740741 2.39777778 2.5137037
 2.53240741 2.55203704 2.50351852 2.30259259 2.48240741 2.51944444
 2.79314815 2.61407407 2.58851852 2.15351852 2.22648148 2.49722222
 2.5162963  2.29462963 2.16981481 2.44148148 2.51722222 2.39574074
 2.34981481 2.51407407 2.29666667 2.17944444 2.30962963 2.70888889
 2.465      2.12407407 2.44796296 2.28074074 2.21277778 2.45074074
 2.30518519 2.39888889 2.34462963 2.56148148 2.28537037 2.30240741
 2.70277778 2.76148148 2.59222222 2.38759259 2.34851852 2.32203704]
